1695897327.14064,0.98333,-0.06947,-0.16806,0.07289,0.99724,0.01421,0.16661,-0.02622,0.98567,-0.11703,-0.01559,0.77327
1695897327.24171,0.98320,-0.06781,-0.16945,0.07119,0.99737,0.01393,0.16806,-0.02576,0.98544,-0.11374,-0.01198,0.77874
1695897327.34960,0.98539,-0.06296,-0.15827,0.07327,0.99550,0.06017,0.15377,-0.07089,0.98556,-0.11174,-0.00802,0.77766
1695897327.46349,0.98617,-0.06872,-0.15082,0.07295,0.99708,0.02270,0.14882,-0.03339,0.98830,-0.11194,-0.00363,0.77769
1695897327.55736,0.98486,-0.06651,-0.16009,0.06917,0.99754,0.01111,0.15896,-0.02201,0.98704,-0.10982,-0.00125,0.78156
1695897327.65223,0.99085,-0.07735,-0.11057,0.08369,0.99503,0.05387,0.10586,-0.06263,0.99241,-0.09250,-0.00013,0.78986
1695897327.76139,0.99033,-0.08670,-0.10828,0.09335,0.99395,0.05789,0.10260,-0.06743,0.99243,-0.08517,0.00492,0.79574
1695897327.86792,0.99131,-0.07992,-0.10452,0.08671,0.99430,0.06206,0.09896,-0.07058,0.99258,-0.08980,0.00614,0.80696
1695897327.96927,0.99169,-0.07858,-0.10190,0.08593,0.99385,0.06985,0.09578,-0.07802,0.99234,-0.09058,0.01070,0.80551
1695897328.07382,0.99316,-0.07570,-0.08885,0.08186,0.99432,0.06794,0.08321,-0.07475,0.99372,-0.08927,0.01513,0.80688
1695897328.17301,0.99447,-0.07314,-0.07533,0.07960,0.99306,0.08659,0.06847,-0.09210,0.99339,-0.08373,0.02417,0.80860
1695897328.27598,0.99363,-0.07413,-0.08492,0.08182,0.99248,0.09100,0.07753,-0.09737,0.99222,-0.08377,0.03188,0.81010
1695897328.38142,0.99351,-0.06910,-0.09037,0.07827,0.99168,0.10224,0.08256,-0.10865,0.99065,-0.08729,0.03413,0.80800
1695897328.48620,0.99434,-0.06620,-0.08305,0.07519,0.99104,0.11037,0.07500,-0.11599,0.99041,-0.08818,0.04343,0.80628
1695897328.58845,0.99336,-0.06628,-0.09399,0.07570,0.99205,0.10057,0.08658,-0.10702,0.99048,-0.08953,0.04214,0.80529
1695897328.68938,0.99307,-0.06644,-0.09694,0.07718,0.99075,0.11162,0.08862,-0.11832,0.98901,-0.09109,0.04422,0.80410
1695897328.79182,0.99421,-0.06211,-0.08767,0.07227,0.99038,0.11797,0.07950,-0.12362,0.98914,-0.09096,0.04905,0.80259
1695897328.89527,0.99401,-0.06023,-0.09117,0.07128,0.98980,0.12335,0.08281,-0.12911,0.98817,-0.09268,0.05417,0.80272
1695897328.99427,0.99237,-0.05944,-0.10802,0.07173,0.99093,0.11366,0.10028,-0.12054,0.98763,-0.09634,0.05510,0.80030
1695897329.09353,0.99185,-0.05910,-0.11284,0.07088,0.99211,0.10339,0.10584,-0.11055,0.98822,-0.09807,0.05105,0.79948
1695897329.19748,0.99284,-0.05659,-0.10520,0.06892,0.99067,0.11761,0.09757,-0.12401,0.98747,-0.09858,0.05167,0.80003
1695897329.29525,0.99512,-0.05670,-0.08070,0.06631,0.99033,0.12185,0.07301,-0.12661,0.98926,-0.09723,0.05394,0.79866
1695897329.39565,0.99282,-0.05568,-0.10589,0.06697,0.99208,0.10626,0.09913,-0.11258,0.98868,-0.09622,0.05418,0.79821
1695897329.49960,0.99408,-0.05552,-0.09338,0.06655,0.99061,0.11944,0.08587,-0.12495,0.98844,-0.09591,0.05469,0.79802
1695897329.60037,0.99200,-0.05260,-0.11477,0.06665,0.99027,0.12219,0.10723,-0.12886,0.98585,-0.09593,0.05329,0.79766
1695897329.70436,0.99195,-0.05212,-0.11542,0.06611,0.99045,0.12095,0.10801,-0.12761,0.98593,-0.09595,0.05591,0.79759
1695897329.80496,0.99278,-0.05474,-0.10671,0.06563,0.99268,0.10141,0.10038,-0.10768,0.98910,-0.09465,0.05684,0.79808
1695897329.90399,0.99231,-0.05550,-0.11067,0.06710,0.99232,0.10393,0.10405,-0.11056,0.98841,-0.09309,0.05619,0.79859
1695897330.00745,0.99410,-0.05201,-0.09523,0.06382,0.99004,0.12550,0.08775,-0.13084,0.98751,-0.09201,0.05797,0.79794
1695897330.10967,0.99396,-0.05386,-0.09557,0.06431,0.99186,0.10987,0.08888,-0.11536,0.98934,-0.08975,0.05808,0.79931
1695897330.21057,0.99400,-0.05088,-0.09681,0.06278,0.99027,0.12415,0.08955,-0.12949,0.98753,-0.08868,0.05411,0.79858
1695897330.31608,0.99457,-0.05159,-0.09036,0.06210,0.99111,0.11769,0.08349,-0.12267,0.98893,-0.08924,0.05588,0.79914
1695897330.41329,0.99335,-0.05202,-0.10274,0.06359,0.99159,0.11271,0.09602,-0.11849,0.98830,-0.08918,0.05588,0.79728
1695897330.51552,0.99413,-0.05330,-0.09419,0.06371,0.99176,0.11118,0.08749,-0.11652,0.98933,-0.09029,0.05346,0.79724
1695897330.61714,0.99436,-0.04994,-0.09356,0.06123,0.99064,0.12197,0.08660,-0.12701,0.98811,-0.09193,0.05452,0.79757
1695897330.71219,0.99118,-0.05004,-0.12268,0.06356,0.99202,0.10888,0.11625,-0.11572,0.98646,-0.09083,0.05695,0.79699
1695897330.81371,0.99488,-0.04720,-0.08936,0.05674,0.99259,0.10746,0.08362,-0.11198,0.99019,-0.08924,0.05880,0.79712
1695897330.91932,0.99295,-0.04405,-0.11002,0.05683,0.99164,0.11583,0.10400,-0.12127,0.98716,-0.08845,0.05998,0.79715
1695897331.01904,0.99585,-0.04302,-0.08017,0.05256,0.99125,0.12105,0.07426,-0.12476,0.98940,-0.08738,0.05816,0.79743
1695897331.12211,0.99545,-0.04154,-0.08570,0.05249,0.99016,0.12973,0.07947,-0.13364,0.98784,-0.08712,0.06112,0.79727
1695897331.22080,0.99504,-0.04157,-0.09038,0.05215,0.99163,0.11809,0.08472,-0.12222,0.98888,-0.08780,0.06149,0.79681
1695897331.32490,0.99478,-0.03900,-0.09434,0.05123,0.99007,0.13092,0.08829,-0.13507,0.98689,-0.08716,0.06453,0.79685
1695897331.42479,0.99613,-0.03777,-0.07936,0.04769,0.99074,0.12708,0.07383,-0.13038,0.98871,-0.08779,0.06562,0.79624
1695897331.53268,0.99535,-0.03742,-0.08878,0.04864,0.99061,0.12779,0.08316,-0.13151,0.98782,-0.08576,0.06478,0.79671
1695897331.63175,0.99384,-0.03382,-0.10558,0.04679,0.99132,0.12285,0.10051,-0.12703,0.98679,-0.08433,0.06532,0.79857
1695897331.73183,0.99507,-0.03179,-0.09397,0.04347,0.99121,0.12494,0.08918,-0.12840,0.98770,-0.08291,0.06521,0.79746
1695897331.83105,0.99621,-0.02949,-0.08188,0.04153,0.98788,0.14955,0.07647,-0.15238,0.98536,-0.08252,0.06692,0.79716
1695897331.93652,0.99541,-0.02860,-0.09128,0.03947,0.99204,0.11959,0.08714,-0.12264,0.98862,-0.08263,0.06780,0.79698
1695897332.03447,0.99626,-0.02885,-0.08143,0.03873,0.99171,0.12256,0.07722,-0.12525,0.98912,-0.08276,0.06758,0.79633
1695897332.13898,0.99633,-0.02888,-0.08062,0.03949,0.99030,0.13324,0.07599,-0.13594,0.98780,-0.08318,0.06870,0.79683
1695897332.23875,0.99576,-0.02748,-0.08783,0.03919,0.99014,0.13446,0.08326,-0.13733,0.98702,-0.08298,0.06965,0.79558
1695897332.34146,0.99607,-0.02572,-0.08476,0.03675,0.99066,0.13134,0.08059,-0.13394,0.98771,-0.08229,0.06913,0.79553
1695897332.44233,0.99588,-0.02527,-0.08704,0.03653,0.99080,0.13031,0.08294,-0.13295,0.98765,-0.08139,0.07180,0.79541
1695897332.55079,0.99646,-0.02373,-0.08070,0.03488,0.98958,0.13971,0.07654,-0.14203,0.98690,-0.08060,0.07099,0.79499
1695897332.65018,0.99699,-0.01990,-0.07489,0.03007,0.99008,0.13725,0.07142,-0.13909,0.98770,-0.08100,0.06923,0.79609
1695897332.74877,0.99618,-0.01758,-0.08557,0.02836,0.99157,0.12640,0.08263,-0.12835,0.98828,-0.07957,0.06332,0.79666
1695897332.85036,0.99655,-0.02975,-0.07744,0.03753,0.99417,0.10108,0.07399,-0.10364,0.99186,-0.07164,0.06509,0.80942
1695897332.95389,0.99824,-0.02424,-0.05403,0.03033,0.99292,0.11486,0.05086,-0.11630,0.99191,-0.05822,0.06784,0.80629
1695897333.05369,0.99775,-0.01802,-0.06460,0.02690,0.98987,0.13937,0.06143,-0.14080,0.98813,-0.05272,0.07600,0.80079
1695897333.15279,0.99926,-0.01768,-0.03430,0.02318,0.98567,0.16707,0.03085,-0.16774,0.98535,-0.05079,0.08411,0.79926
1695897333.25563,0.99811,-0.01536,-0.05946,0.02467,0.98693,0.15925,0.05624,-0.16042,0.98545,-0.05970,0.08411,0.80141
1695897333.35055,0.99917,-0.01737,-0.03673,0.02267,0.98856,0.14909,0.03372,-0.14980,0.98814,-0.05958,0.07905,0.80004
1695897333.45524,0.99729,-0.01742,-0.07141,0.02880,0.98645,0.16150,0.06763,-0.16312,0.98429,-0.06348,0.07435,0.80174
1695897333.55634,0.99810,-0.01652,-0.05939,0.02487,0.98944,0.14277,0.05641,-0.14398,0.98797,-0.06242,0.07235,0.80219
1695897333.65645,0.99883,-0.01561,-0.04585,0.02131,0.99172,0.12660,0.04350,-0.12743,0.99089,-0.05727,0.07999,0.80582
1695897333.75689,0.99902,-0.00679,-0.04385,0.01297,0.98977,0.14208,0.04244,-0.14250,0.98888,-0.06102,0.08321,0.79820
1695897333.85944,0.99750,-0.00230,-0.07066,0.01337,0.98759,0.15648,0.06942,-0.15703,0.98515,-0.06490,0.08639,0.79935
1695897333.96271,0.99723,0.00465,-0.07422,0.00667,0.98842,0.15159,0.07406,-0.15166,0.98565,-0.07096,0.08673,0.79988
1695897334.06058,0.99706,0.00482,-0.07645,0.00626,0.98955,0.14405,0.07634,-0.14411,0.98661,-0.07158,0.08286,0.79875
1695897334.16493,0.99778,0.01301,-0.06537,-0.00054,0.98230,0.18731,0.06665,-0.18686,0.98012,-0.07284,0.07783,0.79970
1695897334.26668,0.99695,0.00799,-0.07760,0.00412,0.98797,0.15459,0.07790,-0.15444,0.98493,-0.06804,0.06742,0.79813
1695897334.36770,0.99522,0.01015,-0.09711,0.00366,0.99001,0.14097,0.09757,-0.14065,0.98524,-0.06946,0.06228,0.79860
1695897334.47545,0.99450,0.00190,-0.10467,0.00834,0.99522,0.09733,0.10436,-0.09766,0.98973,-0.07497,0.05919,0.79942
1695897334.57455,0.99583,0.01032,-0.09063,0.00172,0.99128,0.13174,0.09120,-0.13135,0.98713,-0.08470,0.06029,0.79610
1695897334.68049,0.99482,0.00705,-0.10136,0.00521,0.99273,0.12024,0.10147,-0.12015,0.98756,-0.08613,0.05788,0.79189
1695897334.77856,0.99139,0.01359,-0.13023,-0.00037,0.99489,0.10095,0.13094,-0.10003,0.98633,-0.08928,0.05845,0.79109
1695897334.88486,0.99434,0.00789,-0.10594,0.00290,0.99485,0.10133,0.10619,-0.10107,0.98920,-0.08830,0.05392,0.79517
1695897334.97925,0.99467,0.01017,-0.10265,0.00266,0.99227,0.12405,0.10311,-0.12366,0.98695,-0.08967,0.05174,0.78694
1695897335.08681,0.99463,0.00469,-0.10335,0.00570,0.99497,0.09997,0.10330,-0.10003,0.98961,-0.09588,0.05511,0.79354
1695897335.18289,0.99303,0.02008,-0.11610,-0.00447,0.99109,0.13316,0.11774,-0.13171,0.98427,-0.11018,0.05595,0.78397
1695897335.28529,0.99298,0.00271,-0.11822,0.00837,0.99562,0.09313,0.11795,-0.09346,0.98861,-0.10571,0.05659,0.78233
1695897335.38371,0.99252,0.01873,-0.12063,-0.00483,0.99341,0.11452,0.12198,-0.11308,0.98607,-0.10976,0.06142,0.78311
1695897335.49393,0.99233,0.02158,-0.12176,-0.00673,0.99262,0.12106,0.12347,-0.11931,0.98515,-0.10675,0.06016,0.78551
1695897335.58398,0.99407,0.01465,-0.10772,-0.00137,0.99249,0.12230,0.10870,-0.12143,0.98663,-0.09861,0.05879,0.78677
1695897335.69872,0.99232,0.00738,-0.12345,0.00499,0.99502,0.09957,0.12357,-0.09942,0.98734,-0.09967,0.05533,0.79071
1695897335.79796,0.99255,0.02132,-0.11997,-0.00561,0.99152,0.12982,0.12172,-0.12818,0.98425,-0.10544,0.06648,0.78795
1695897335.89616,0.99633,0.00644,-0.08536,0.00422,0.99225,0.12415,0.08550,-0.12406,0.98858,-0.09476,0.06799,0.78613
1695897335.99613,0.98851,0.01317,-0.15061,0.00443,0.99324,0.11595,0.15112,-0.11529,0.98177,-0.09779,0.07273,0.78537
1695897336.09895,0.99515,0.02177,-0.09597,-0.00719,0.98871,0.14966,0.09815,-0.14824,0.98407,-0.10057,0.07420,0.78334
1695897336.20183,0.99336,0.01728,-0.11370,-0.00251,0.99167,0.12879,0.11498,-0.12765,0.98513,-0.09976,0.06881,0.79140
1695897336.30668,0.99440,0.02468,-0.10274,-0.00924,0.98891,0.14821,0.10526,-0.14643,0.98360,-0.09978,0.07374,0.78408
1695897336.40926,0.98861,0.01335,-0.14992,0.00320,0.99397,0.10964,0.15048,-0.10887,0.98260,-0.09553,0.07101,0.78551
1695897336.51100,0.98987,0.02704,-0.13937,-0.00842,0.99114,0.13252,0.14172,-0.13000,0.98133,-0.10761,0.07423,0.78006
1695897336.61771,0.98883,0.02026,-0.14764,-0.00285,0.99311,0.11719,0.14899,-0.11546,0.98207,-0.10612,0.07307,0.77806
1695897336.71951,0.98996,0.02448,-0.13920,-0.00834,0.99329,0.11535,0.14109,-0.11303,0.98352,-0.10887,0.07500,0.77797
1695897336.81862,0.98972,0.01718,-0.14197,-0.00268,0.99481,0.10167,0.14298,-0.10025,0.98464,-0.10792,0.07750,0.77855
1695897336.92095,0.99166,0.02765,-0.12586,-0.00787,0.98787,0.15507,0.12862,-0.15279,0.97985,-0.11092,0.07182,0.78288
1695897337.02398,0.98930,0.01790,-0.14483,-0.00032,0.99272,0.12048,0.14593,-0.11914,0.98209,-0.10827,0.06783,0.78065
1695897337.12042,0.99157,0.01996,-0.12804,-0.00626,0.99429,0.10650,0.12944,-0.10480,0.98603,-0.11100,0.06877,0.77813
1695897337.22199,0.98708,0.02271,-0.15860,-0.00348,0.99271,0.12045,0.16018,-0.11835,0.97997,-0.11130,0.07076,0.77733
1695897337.32391,0.98879,0.02730,-0.14677,-0.00605,0.98966,0.14329,0.14916,-0.14080,0.97874,-0.11383,0.07247,0.77428
1695897337.42075,0.99174,0.03328,-0.12388,-0.01718,0.99152,0.12883,0.12712,-0.12564,0.98390,-0.10877,0.07983,0.77421
1695897337.52401,0.99141,0.03642,-0.12563,-0.02209,0.99328,0.11365,0.12892,-0.10989,0.98555,-0.10645,0.08648,0.77478
1695897337.62255,0.99189,0.04206,-0.11996,-0.02481,0.98958,0.14180,0.12467,-0.13768,0.98260,-0.10421,0.08758,0.77786
1695897337.72604,0.99190,0.04033,-0.12046,-0.02308,0.98969,0.14133,0.12492,-0.13740,0.98261,-0.10526,0.08619,0.77458
1695897337.82883,0.99360,0.03785,-0.10643,-0.02019,0.98652,0.16236,0.11115,-0.15917,0.98097,-0.10492,0.08783,0.77642
1695897337.93056,0.99053,0.03454,-0.13290,-0.01617,0.99045,0.13689,0.13636,-0.13344,0.98163,-0.11032,0.09198,0.77649
1695897338.03908,0.98751,0.02447,-0.15564,-0.00808,0.99443,0.10511,0.15735,-0.10254,0.98221,-0.12026,0.08576,0.78153
1695897338.13094,0.98655,0.02767,-0.16111,-0.00689,0.99173,0.12816,0.16333,-0.12533,0.97858,-0.13639,0.08306,0.77835
1695897338.23608,0.98419,0.02714,-0.17500,-0.00654,0.99308,0.11724,0.17697,-0.11424,0.97756,-0.14997,0.08019,0.77664
1695897338.33715,0.98744,0.01625,-0.15718,-0.00184,0.99581,0.09141,0.15800,-0.08997,0.98333,-0.15619,0.07638,0.76939
1695897338.43944,0.98279,0.01467,-0.18416,0.00212,0.99588,0.09061,0.18473,-0.08944,0.97871,-0.16512,0.08118,0.76729
1695897338.54167,0.98608,0.01579,-0.16549,0.00094,0.99493,0.10058,0.16624,-0.09934,0.98107,-0.16730,0.08224,0.76513
1695897338.64621,0.97885,0.01596,-0.20395,0.00489,0.99484,0.10133,0.20451,-0.10018,0.97372,-0.16717,0.07988,0.76879
1695897338.74893,0.97758,0.01358,-0.21013,0.00814,0.99473,0.10218,0.21041,-0.10160,0.97232,-0.15912,0.07668,0.77747
1695897338.85124,0.98583,0.01885,-0.16669,0.00446,0.99037,0.13836,0.16769,-0.13715,0.97625,-0.14815,0.08346,0.77822
1695897338.93753,0.98941,0.01983,-0.14378,-0.00243,0.99275,0.12021,0.14512,-0.11859,0.98228,-0.14200,0.08145,0.78156
1695897339.04509,0.98865,0.02041,-0.14886,-0.00094,0.99155,0.12970,0.15025,-0.12809,0.98032,-0.13295,0.08648,0.78185
1695897339.15257,0.98651,0.02326,-0.16203,-0.00556,0.99404,0.10883,0.16359,-0.10646,0.98077,-0.13213,0.09583,0.78107
1695897339.25010,0.98808,0.02311,-0.15221,-0.00923,0.99578,0.09127,0.15368,-0.08877,0.98413,-0.13279,0.09481,0.79062
1695897339.35411,0.98677,0.02562,-0.16006,-0.00374,0.99077,0.13551,0.16206,-0.13312,0.97776,-0.13256,0.08627,0.78672
1695897339.45722,0.98895,0.00801,-0.14801,0.00800,0.99420,0.10726,0.14801,-0.10726,0.98315,-0.13777,0.08005,0.79129
1695897339.56098,0.98721,0.01928,-0.15827,0.00385,0.98949,0.14457,0.15939,-0.14333,0.97675,-0.14980,0.08320,0.79086
1695897339.66533,0.98638,0.00628,-0.16439,0.01080,0.99464,0.10281,0.16416,-0.10319,0.98102,-0.14682,0.08170,0.79119
1695897339.76609,0.98261,0.00967,-0.18542,0.01246,0.99296,0.11782,0.18525,-0.11808,0.97557,-0.14485,0.07982,0.79576
1695897339.86776,0.98855,0.00844,-0.15069,0.01166,0.99118,0.13204,0.15047,-0.13229,0.97972,-0.14471,0.08072,0.79592
1695897339.96783,0.98714,0.01719,-0.15892,0.00593,0.98958,0.14385,0.15974,-0.14295,0.97676,-0.15054,0.09323,0.79776
1695897340.07406,0.98608,0.01145,-0.16591,0.00857,0.99280,0.11946,0.16608,-0.11921,0.97888,-0.15176,0.09157,0.79834
1695897340.17561,0.98412,0.00717,-0.17738,0.01148,0.99453,0.10385,0.17716,-0.10424,0.97865,-0.15599,0.09446,0.79833
1695897340.26597,0.98299,0.00794,-0.18349,0.01118,0.99462,0.10294,0.18332,-0.10324,0.97762,-0.15982,0.09879,0.79735
1695897340.36215,0.98873,0.00892,-0.14942,0.00704,0.99435,0.10596,0.14952,-0.10582,0.98308,-0.15941,0.09561,0.79829
1695897340.47621,0.98905,0.01768,-0.14654,0.00559,0.98760,0.15688,0.14750,-0.15598,0.97668,-0.15319,0.09832,0.79854
1695897340.57494,0.98245,0.01371,-0.18600,0.01384,0.98919,0.14601,0.18599,-0.14602,0.97164,-0.14790,0.09701,0.79935
1695897340.67523,0.98653,0.00555,-0.16349,0.01346,0.99328,0.11497,0.16303,-0.11562,0.97982,-0.14385,0.09600,0.79957
1695897340.77893,0.98908,0.01056,-0.14699,0.01167,0.98868,0.14957,0.14690,-0.14965,0.97776,-0.14077,0.08695,0.80336
1695897340.88290,0.98918,0.00184,-0.14668,0.01738,0.99141,0.12964,0.14566,-0.13079,0.98065,-0.13783,0.08215,0.80139
1695897340.98541,0.98491,0.00668,-0.17296,0.01394,0.99295,0.11773,0.17253,-0.11836,0.97787,-0.14183,0.08440,0.80006
1695897341.08551,0.98717,0.00024,-0.15970,0.01669,0.99437,0.10464,0.15882,-0.10597,0.98160,-0.13898,0.08010,0.79997
1695897341.19292,0.98481,0.00448,-0.17357,0.01500,0.99374,0.11074,0.17298,-0.11166,0.97858,-0.13513,0.07794,0.80166
1695897341.28798,0.98285,-0.00021,-0.18442,0.01945,0.99454,0.10254,0.18340,-0.10437,0.97748,-0.12902,0.07736,0.79810
1695897341.39633,0.98319,0.00507,-0.18253,0.01395,0.99461,0.10279,0.18207,-0.10361,0.97781,-0.12580,0.08200,0.80017
1695897341.48962,0.99012,0.00718,-0.14003,0.01010,0.99244,0.12228,0.13984,-0.12249,0.98257,-0.12024,0.08457,0.79798
1695897341.59956,0.98774,0.00348,-0.15605,0.01352,0.99409,0.10775,0.15550,-0.10854,0.98185,-0.11854,0.08567,0.79792
1695897341.70438,0.99109,0.00794,-0.13293,0.01103,0.98990,0.14137,0.13271,-0.14158,0.98099,-0.11659,0.08312,0.79743
1695897341.80028,0.98441,-0.00066,-0.17588,0.01896,0.99456,0.10242,0.17486,-0.10416,0.97907,-0.11182,0.08389,0.79830
1695897341.90094,0.98720,0.00348,-0.15946,0.01779,0.99112,0.13178,0.15850,-0.13293,0.97837,-0.11122,0.08505,0.79791
1695897342.00426,0.98818,-0.00266,-0.15330,0.02081,0.99292,0.11692,0.15190,-0.11872,0.98124,-0.11080,0.08544,0.79732
1695897342.10671,0.98957,-0.00011,-0.14406,0.01866,0.99167,0.12741,0.14285,-0.12877,0.98133,-0.10986,0.08756,0.79774
1695897342.20660,0.98372,-0.00128,-0.17970,0.02356,0.99226,0.12193,0.17815,-0.12418,0.97614,-0.10688,0.08904,0.79898
1695897342.30877,0.99096,0.00132,-0.13417,0.02056,0.98665,0.16156,0.13259,-0.16286,0.97770,-0.10413,0.08844,0.79852
1695897342.41539,0.98552,-0.00315,-0.16951,0.02618,0.99066,0.13382,0.16751,-0.13632,0.97640,-0.10310,0.08617,0.79763
1695897342.51680,0.98680,-0.00595,-0.16183,0.02664,0.99168,0.12597,0.15973,-0.12862,0.97875,-0.09918,0.08117,0.80026
1695897342.61744,0.99365,-0.00854,-0.11217,0.02382,0.99048,0.13556,0.10995,-0.13737,0.98440,-0.09664,0.08297,0.79837
1695897342.72025,0.98894,-0.01254,-0.14781,0.03036,0.99243,0.11897,0.14521,-0.12214,0.98183,-0.09526,0.08294,0.79864
1695897342.82511,0.99336,-0.01220,-0.11436,0.02774,0.99042,0.13528,0.11161,-0.13756,0.98419,-0.09948,0.08266,0.79486
1695897342.92692,0.98735,-0.00776,-0.15837,0.02788,0.99174,0.12521,0.15609,-0.12804,0.97941,-0.10170,0.08286,0.79276
1695897343.02572,0.98598,-0.00819,-0.16666,0.02906,0.99195,0.12321,0.16431,-0.12633,0.97829,-0.10200,0.08438,0.78821
1695897343.12772,0.98896,-0.01290,-0.14765,0.03341,0.98997,0.13730,0.14439,-0.14071,0.97946,-0.09759,0.08834,0.78426
1695897343.22736,0.99168,-0.01233,-0.12810,0.03217,0.98755,0.15398,0.12461,-0.15682,0.97973,-0.09785,0.08748,0.78024
1695897343.32803,0.98822,-0.00835,-0.15279,0.02947,0.99020,0.13652,0.15015,-0.13941,0.97878,-0.09911,0.08653,0.78121
1695897343.43230,0.98994,-0.00537,-0.14137,0.02206,0.99291,0.11681,0.13974,-0.11876,0.98304,-0.08472,0.08078,0.78754
1695897343.53619,0.99868,-0.00340,-0.05132,0.00933,0.99324,0.11572,0.05058,-0.11605,0.99195,-0.06287,0.08973,0.78970
1695897343.63523,0.99547,-0.00521,-0.09489,0.02132,0.98529,0.16954,0.09261,-0.17080,0.98094,-0.04051,0.09024,0.77761
1695897343.73487,0.99975,-0.00263,-0.02219,0.00648,0.98452,0.17516,0.02139,-0.17526,0.98429,-0.03541,0.10791,0.77219
1695897343.83439,0.99993,0.00779,-0.00945,-0.00623,0.98786,0.15522,0.01054,-0.15515,0.98783,-0.02549,0.11230,0.76461
1695897343.93966,0.99996,0.00447,-0.00827,-0.00290,0.98341,0.18137,0.00894,-0.18134,0.98338,-0.01574,0.11277,0.75925
1695897344.04217,0.99977,0.01074,-0.01868,-0.00710,0.98270,0.18504,0.02034,-0.18487,0.98255,-0.01077,0.12257,0.75766
1695897344.14664,0.99963,0.01284,0.02391,-0.01731,0.98018,0.19733,-0.02091,-0.19768,0.98004,-0.00951,0.12685,0.75057
1695897344.24712,0.99979,0.01322,-0.01562,-0.00980,0.97943,0.20157,0.01796,-0.20137,0.97935,-0.01042,0.12837,0.75115
1695897344.34564,0.99989,0.01458,0.00221,-0.01472,0.97817,0.20730,0.00085,-0.20731,0.97828,-0.01341,0.12866,0.74983
1695897344.44780,0.99942,0.01446,0.03085,-0.02033,0.97972,0.19932,-0.02734,-0.19983,0.97945,-0.01438,0.13118,0.74838
1695897344.55454,0.99974,0.01971,0.01124,-0.02157,0.97940,0.20076,-0.00705,-0.20095,0.97958,-0.01785,0.13411,0.74977
1695897344.64756,0.99978,0.01938,0.00788,-0.02053,0.98130,0.19139,-0.00402,-0.19151,0.98148,-0.02125,0.13016,0.75269
1695897344.75360,0.99980,0.02017,-0.00149,-0.01941,0.97785,0.20840,0.00566,-0.20833,0.97804,-0.02338,0.12816,0.74928
1695897344.85526,0.99949,0.02202,0.02317,-0.02641,0.97720,0.21069,-0.01800,-0.21119,0.97728,-0.02463,0.12882,0.74898
1695897344.95578,0.99952,0.02766,0.01402,-0.02978,0.98235,0.18467,-0.00866,-0.18500,0.98270,-0.02547,0.12840,0.75032
1695897345.05421,0.99951,0.02840,0.01337,-0.03043,0.98112,0.19101,-0.00769,-0.19132,0.98150,-0.02510,0.12939,0.75102
1695897345.15228,0.99965,0.02626,0.00112,-0.02601,0.98244,0.18474,0.00375,-0.18470,0.98279,-0.02670,0.12961,0.75085
1695897345.25696,0.99956,0.02957,0.00154,-0.02926,0.97864,0.20349,0.00451,-0.20344,0.97908,-0.02858,0.12955,0.75076
1695897345.36081,0.99962,0.02765,0.00211,-0.02741,0.97375,0.22595,0.00419,-0.22592,0.97414,-0.02975,0.13143,0.75083
1695897345.46231,0.99955,0.02876,-0.00862,-0.02665,0.98211,0.18643,0.01382,-0.18612,0.98243,-0.02995,0.13221,0.75129
1695897345.56000,0.99959,0.02811,0.00577,-0.02869,0.97694,0.21157,0.00031,-0.21165,0.97735,-0.03085,0.13170,0.75142
1695897345.66551,0.99959,0.02861,0.00324,-0.02868,0.97986,0.19761,0.00248,-0.19762,0.98028,-0.02954,0.13298,0.75152
1695897345.77133,0.99958,0.02847,0.00574,-0.02905,0.97978,0.19798,0.00001,-0.19807,0.98019,-0.02956,0.13315,0.75112
1695897345.86535,0.99953,0.02650,0.01516,-0.02907,0.97800,0.20658,-0.00935,-0.20693,0.97831,-0.02918,0.13208,0.75348
1695897345.97148,0.99961,0.02775,0.00271,-0.02771,0.97802,0.20668,0.00308,-0.20668,0.97840,-0.02970,0.13282,0.75271
1695897346.07303,0.99960,0.02794,-0.00425,-0.02635,0.97564,0.21781,0.01023,-0.21761,0.97598,-0.02991,0.13414,0.75271
1695897346.17595,0.99953,0.02950,0.00885,-0.03069,0.97805,0.20611,-0.00257,-0.20628,0.97849,-0.03037,0.13699,0.75287
1695897346.28275,0.99950,0.02906,0.01260,-0.03104,0.97773,0.20755,-0.00629,-0.20783,0.97814,-0.03230,0.13648,0.75366
1695897346.37476,0.99959,0.02827,0.00437,-0.02855,0.97701,0.21126,0.00170,-0.21130,0.97742,-0.03275,0.13631,0.75355
1695897346.47392,0.99955,0.02999,-0.00069,-0.02922,0.97858,0.20380,0.00679,-0.20369,0.97901,-0.03227,0.13837,0.75364
1695897346.58619,0.99934,0.03114,0.01875,-0.03439,0.97705,0.21023,-0.01178,-0.21073,0.97747,-0.03246,0.14269,0.75383
1695897346.67468,0.99944,0.03023,0.01450,-0.03275,0.97269,0.22980,-0.00716,-0.23015,0.97313,-0.03289,0.14335,0.75465
1695897346.77969,0.99944,0.03296,-0.00554,-0.03119,0.97934,0.19982,0.01201,-0.19954,0.97982,-0.03347,0.14390,0.75583
1695897346.88882,0.99941,0.02948,0.01790,-0.03283,0.97208,0.23234,-0.01055,-0.23279,0.97247,-0.03308,0.14439,0.75647
1695897346.99431,0.99939,0.03056,0.01660,-0.03334,0.97790,0.20642,-0.00992,-0.20685,0.97832,-0.03403,0.14692,0.75843
1695897347.09693,0.99954,0.03008,0.00440,-0.03027,0.97168,0.23436,0.00278,-0.23439,0.97214,-0.03433,0.14669,0.75796
1695897347.19661,0.99948,0.03222,-0.00101,-0.03103,0.97006,0.24086,0.00874,-0.24070,0.97056,-0.03446,0.14721,0.75908
1695897347.29882,0.99934,0.03312,0.01466,-0.03549,0.97631,0.21345,-0.00725,-0.21384,0.97684,-0.03354,0.14827,0.76080
1695897347.40399,0.99940,0.03324,0.00930,-0.03451,0.96714,0.25191,-0.00062,-0.25208,0.96771,-0.03346,0.14899,0.76145
1695897347.49774,0.99924,0.03512,0.01686,-0.03795,0.97516,0.21822,-0.00877,-0.21870,0.97575,-0.03536,0.14784,0.76370
1695897347.60325,0.99939,0.03457,-0.00532,-0.03234,0.97125,0.23585,0.01332,-0.23553,0.97178,-0.03795,0.14564,0.76747
1695897347.69065,0.99937,0.03470,-0.00724,-0.03269,0.98126,0.18987,0.01370,-0.18951,0.98178,-0.03831,0.14395,0.76480
1695897347.80549,0.99943,0.03324,0.00639,-0.03384,0.97693,0.21086,0.00077,-0.21095,0.97750,-0.03788,0.14127,0.76631
1695897347.89351,0.99940,0.03422,0.00537,-0.03462,0.98073,0.19228,0.00131,-0.19235,0.98133,-0.03712,0.14346,0.76649
1695897348.00106,0.99947,0.03267,-0.00101,-0.03165,0.97502,0.21984,0.00817,-0.21969,0.97554,-0.03795,0.14406,0.76607
1695897348.10660,0.99932,0.03224,0.01814,-0.03562,0.97107,0.23613,-0.01000,-0.23662,0.97155,-0.03781,0.14311,0.76525
1695897348.21455,0.99950,0.02919,0.01185,-0.03103,0.97711,0.21045,-0.00544,-0.21071,0.97753,-0.03647,0.14108,0.76690
1695897348.30807,0.99947,0.03228,0.00418,-0.03249,0.98182,0.18699,0.00194,-0.18703,0.98235,-0.03731,0.14394,0.76727
1695897348.40979,0.99950,0.03079,0.00719,-0.03161,0.97876,0.20255,-0.00081,-0.20268,0.97925,-0.03852,0.14509,0.76668
1695897348.51975,0.99949,0.03117,0.00707,-0.03196,0.97709,0.21040,-0.00035,-0.21052,0.97759,-0.03896,0.14629,0.76614
1695897348.61275,0.99936,0.03068,0.01862,-0.03406,0.97437,0.22238,-0.01132,-0.22287,0.97478,-0.03936,0.14720,0.76617
1695897348.71768,0.99944,0.03199,0.00994,-0.03339,0.97470,0.22102,-0.00262,-0.22123,0.97522,-0.03941,0.14774,0.76677
1695897348.81836,0.99922,0.03261,0.02217,-0.03671,0.97455,0.22114,-0.01440,-0.22178,0.97499,-0.03950,0.14833,0.76670
1695897348.92240,0.99938,0.03465,-0.00634,-0.03221,0.97166,0.23419,0.01428,-0.23384,0.97217,-0.03898,0.14825,0.76683
1695897349.01803,0.99928,0.03528,0.01382,-0.03742,0.97607,0.21421,-0.00593,-0.21458,0.97669,-0.03647,0.14932,0.76750
1695897349.12390,0.99915,0.03658,0.01903,-0.03943,0.98270,0.18098,-0.01208,-0.18157,0.98330,-0.03603,0.14936,0.76858
1695897349.22474,0.99926,0.03646,0.01209,-0.03794,0.98585,0.16330,-0.00596,-0.16363,0.98650,-0.03634,0.14750,0.76975
1695897349.32905,0.99929,0.03712,-0.00675,-0.03466,0.97394,0.22415,0.01489,-0.22376,0.97453,-0.03728,0.14672,0.77220
1695897349.42956,0.99932,0.03665,-0.00326,-0.03509,0.97601,0.21488,0.01106,-0.21462,0.97664,-0.03728,0.14661,0.77107
1695897349.53617,0.99918,0.03474,0.02097,-0.03888,0.96769,0.24912,-0.01164,-0.24973,0.96825,-0.03723,0.14603,0.77042
1695897349.63813,0.99929,0.03748,0.00279,-0.03726,0.97817,0.20442,0.00493,-0.20438,0.97888,-0.03751,0.14858,0.77198
1695897349.73812,0.99917,0.03840,-0.01349,-0.03493,0.97913,0.20021,0.02090,-0.19958,0.97966,-0.03767,0.14979,0.77272
1695897349.83587,0.99938,0.03367,0.00995,-0.03507,0.97087,0.23702,-0.00168,-0.23723,0.97145,-0.03601,0.14997,0.77128
1695897349.94128,0.99918,0.03548,0.01950,-0.03894,0.97408,0.22284,-0.01109,-0.22342,0.97466,-0.03588,0.14917,0.77227
1695897350.04368,0.99910,0.03379,0.02553,-0.03869,0.97344,0.22566,-0.01722,-0.22645,0.97387,-0.03395,0.14858,0.77250
1695897350.14076,0.99941,0.03355,0.00731,-0.03434,0.97627,0.21383,0.00004,-0.21395,0.97684,-0.03323,0.14894,0.77368
1695897350.24080,0.99941,0.03437,-0.00219,-0.03339,0.98254,0.18303,0.00844,-0.18285,0.98310,-0.03165,0.15098,0.77274
1695897350.34371,0.99936,0.03498,0.00791,-0.03585,0.96939,0.24291,0.00082,-0.24303,0.97002,-0.03112,0.15078,0.77258
1695897350.44994,0.99928,0.03604,0.01208,-0.03772,0.97925,0.19913,-0.00465,-0.19944,0.97990,-0.03309,0.15044,0.77351
1695897350.55060,0.99932,0.03656,0.00549,-0.03686,0.97392,0.22389,0.00284,-0.22394,0.97460,-0.03457,0.14840,0.77315
1695897350.65309,0.99934,0.03623,0.00229,-0.03586,0.97534,0.21776,0.00566,-0.21770,0.97600,-0.03661,0.14665,0.77211
1695897350.75203,0.99925,0.03859,-0.00163,-0.03752,0.97995,0.19568,0.00915,-0.19548,0.98067,-0.03762,0.14656,0.77168
1695897350.85378,0.99915,0.03854,0.01471,-0.04087,0.97327,0.22599,-0.00560,-0.22640,0.97402,-0.03855,0.14566,0.77030
1695897350.95833,0.99922,0.03877,-0.00706,-0.03670,0.98087,0.19116,0.01433,-0.19075,0.98153,-0.03783,0.14555,0.77390
1695897351.05961,0.99926,0.03687,0.01050,-0.03828,0.97429,0.22203,-0.00204,-0.22227,0.97498,-0.03678,0.14430,0.76951
1695897351.15728,0.99933,0.03658,0.00087,-0.03585,0.97393,0.22399,0.00734,-0.22388,0.97459,-0.03576,0.14364,0.76941
1695897351.26325,0.99922,0.03823,0.00979,-0.03946,0.97412,0.22256,-0.00103,-0.22278,0.97487,-0.03583,0.14462,0.76796
1695897351.35956,0.99931,0.03667,0.00538,-0.03698,0.97719,0.20910,0.00241,-0.20916,0.97788,-0.03605,0.14324,0.76868
1695897351.46642,0.99933,0.03545,-0.00871,-0.03315,0.98127,0.18977,0.01527,-0.18936,0.98179,-0.03500,0.14266,0.76867
1695897351.56524,0.99930,0.03597,0.01034,-0.03731,0.97966,0.19716,-0.00303,-0.19741,0.98032,-0.03500,0.14271,0.76775
1695897351.66708,0.99920,0.03552,0.01849,-0.03857,0.97784,0.20577,-0.01077,-0.20632,0.97843,-0.03399,0.14402,0.76691
1695897351.77120,0.99908,0.03729,0.02104,-0.04103,0.97440,0.22104,-0.01226,-0.22170,0.97504,-0.03439,0.14532,0.76621
1695897351.87353,0.99935,0.03615,-0.00139,-0.03490,0.97351,0.22598,0.00952,-0.22578,0.97413,-0.03319,0.14296,0.76684
1695897351.97902,0.99937,0.03459,0.00822,-0.03555,0.96894,0.24472,0.00050,-0.24486,0.96956,-0.03305,0.14225,0.76755
1695897352.07624,0.99918,0.03365,0.02261,-0.03822,0.96788,0.24847,-0.01353,-0.24913,0.96837,-0.03285,0.14257,0.76568
1695897352.18228,0.99931,0.03659,0.00563,-0.03696,0.97753,0.20752,0.00209,-0.20758,0.97822,-0.03361,0.14405,0.76585
1695897352.28303,0.99939,0.03501,0.00028,-0.03440,0.98053,0.19335,0.00649,-0.19324,0.98113,-0.03443,0.14246,0.76663
1695897352.38276,0.99925,0.03703,0.01150,-0.03863,0.97586,0.21494,-0.00327,-0.21522,0.97656,-0.03418,0.14422,0.76552
1695897352.48440,0.99924,0.03421,0.01878,-0.03783,0.96726,0.25095,-0.00958,-0.25147,0.96782,-0.03288,0.14296,0.76531
1695897352.58196,0.99935,0.03585,0.00233,-0.03544,0.97349,0.22597,0.00584,-0.22591,0.97413,-0.03299,0.14474,0.76488
1695897352.69119,0.99917,0.03628,0.01838,-0.03917,0.98000,0.19511,-0.01093,-0.19567,0.98061,-0.03203,0.14422,0.76526
1695897352.77976,0.99941,0.03413,0.00401,-0.03418,0.97539,0.21782,0.00352,-0.21783,0.97598,-0.03061,0.14504,0.76526
1695897352.88640,0.99921,0.03397,0.02046,-0.03790,0.96991,0.24050,-0.01168,-0.24108,0.97043,-0.03006,0.14678,0.76396
1695897352.99031,0.99930,0.03311,0.01758,-0.03635,0.97026,0.23931,-0.00913,-0.23978,0.97078,-0.02893,0.14679,0.76382
1695897353.09171,0.99940,0.03363,0.00825,-0.03462,0.97603,0.21484,-0.00082,-0.21500,0.97661,-0.02836,0.14793,0.76483
1695897353.19458,0.99910,0.03417,0.02503,-0.03876,0.97576,0.21539,-0.01706,-0.21617,0.97621,-0.02844,0.15011,0.76409
1695897353.30042,0.99913,0.03396,0.02429,-0.03829,0.97724,0.20866,-0.01665,-0.20941,0.97769,-0.02827,0.14942,0.76426
1695897353.39745,0.99951,0.03104,0.00316,-0.03090,0.97036,0.23969,0.00437,-0.23967,0.97084,-0.02873,0.14537,0.76550
1695897353.50065,0.99938,0.03279,0.01318,-0.03501,0.96967,0.24190,-0.00484,-0.24221,0.97021,-0.02784,0.14640,0.76538
1695897353.60088,0.99943,0.03336,0.00569,-0.03378,0.97351,0.22613,0.00201,-0.22619,0.97408,-0.02674,0.14879,0.76615
1695897353.70255,0.99935,0.03580,0.00468,-0.03606,0.98310,0.17951,0.00183,-0.17956,0.98375,-0.02849,0.14907,0.76569
1695897353.80441,0.99907,0.03516,0.02497,-0.03944,0.97913,0.19939,-0.01744,-0.20019,0.97960,-0.02716,0.14836,0.76688
1695897353.90760,0.99940,0.03344,-0.00928,-0.03098,0.98020,0.19559,0.01563,-0.19519,0.98064,-0.02626,0.14901,0.76854
1695897354.00733,0.99949,0.03140,0.00597,-0.03190,0.96840,0.24737,0.00199,-0.24743,0.96890,-0.02654,0.14831,0.76687
1695897354.11223,0.99879,0.03036,0.03873,-0.03903,0.96811,0.24748,-0.02998,-0.24869,0.96812,-0.02696,0.14709,0.76691
1695897354.21406,0.99933,0.03012,0.02070,-0.03382,0.97681,0.21142,-0.01385,-0.21198,0.97718,-0.02611,0.14705,0.76877
1695897354.31657,0.99929,0.03080,0.02183,-0.03440,0.98108,0.19054,-0.01555,-0.19115,0.98144,-0.02600,0.14948,0.76927
1695897354.42667,0.99941,0.02989,0.01665,-0.03275,0.97644,0.21327,-0.00988,-0.21369,0.97685,-0.02637,0.15037,0.76941
1695897354.51807,0.99944,0.02988,0.01503,-0.03213,0.98259,0.18297,-0.00930,-0.18335,0.98300,-0.02630,0.14996,0.77065
1695897354.61632,0.99950,0.02827,0.01411,-0.03088,0.96840,0.24750,-0.00667,-0.24781,0.96879,-0.02577,0.15090,0.77063
1695897354.72503,0.99951,0.03038,0.00728,-0.03122,0.97871,0.20288,-0.00096,-0.20301,0.97918,-0.02523,0.15189,0.77357
1695897354.83074,0.99956,0.02816,0.00953,-0.02956,0.97530,0.21891,-0.00313,-0.21910,0.97570,-0.02631,0.14994,0.77384
1695897354.93286,0.99960,0.02726,0.00795,-0.02838,0.96830,0.24816,-0.00093,-0.24829,0.96869,-0.02744,0.15016,0.77423
1695897355.03100,0.99951,0.02637,0.01694,-0.02929,0.97821,0.20556,-0.01115,-0.20595,0.97850,-0.02650,0.15043,0.77614
1695897355.13056,0.99949,0.02972,0.01202,-0.03155,0.97835,0.20453,-0.00568,-0.20480,0.97879,-0.02664,0.15314,0.77700
1695897355.23526,0.99947,0.03185,0.00718,-0.03265,0.97629,0.21400,-0.00020,-0.21412,0.97681,-0.02721,0.15433,0.77686
1695897355.33213,0.99950,0.03040,0.00919,-0.03167,0.97569,0.21686,-0.00238,-0.21704,0.97616,-0.02732,0.15255,0.78084
1695897355.43609,0.99949,0.02977,0.01128,-0.03162,0.96916,0.24439,-0.00366,-0.24462,0.96961,-0.02801,0.14520,0.78037
1695897355.53800,0.99954,0.03004,0.00425,-0.03023,0.97408,0.22417,0.00260,-0.22420,0.97454,-0.02665,0.14289,0.78215
1695897355.64090,0.99942,0.03315,0.00804,-0.03411,0.97224,0.23147,-0.00014,-0.23161,0.97281,-0.02481,0.14709,0.78262
1695897355.73828,0.99950,0.03165,-0.00188,-0.03057,0.97769,0.20783,0.00841,-0.20766,0.97816,-0.02115,0.14860,0.78535
1695897355.84292,0.99933,0.03065,0.02016,-0.03407,0.97917,0.20016,-0.01360,-0.20072,0.97955,-0.02150,0.14828,0.78476
1695897355.94975,0.99948,0.03109,0.00836,-0.03217,0.97490,0.22028,-0.00130,-0.22044,0.97540,-0.02070,0.14697,0.78514
1695897356.04855,0.99954,0.02912,0.00794,-0.03014,0.97673,0.21233,-0.00158,-0.21247,0.97717,-0.01928,0.14807,0.78800
1695897356.15028,0.99944,0.02842,0.01739,-0.03125,0.98066,0.19321,-0.01156,-0.19364,0.98100,-0.02033,0.14586,0.78401
1695897356.25251,0.99909,0.03122,0.02894,-0.03721,0.97066,0.23754,-0.02067,-0.23841,0.97095,-0.02059,0.14973,0.78139
1695897356.35746,0.99940,0.03388,0.00788,-0.03477,0.97750,0.20803,-0.00066,-0.20818,0.97809,-0.02104,0.15122,0.78305
1695897356.46358,0.99939,0.03302,0.01130,-0.03477,0.97039,0.23902,-0.00307,-0.23927,0.97095,-0.02287,0.14664,0.77937
1695897356.56116,0.99934,0.03303,0.01480,-0.03550,0.97432,0.22235,-0.00707,-0.22273,0.97485,-0.02278,0.14367,0.77719
1695897356.66390,0.99920,0.03375,0.02159,-0.03745,0.97826,0.20399,-0.01424,-0.20464,0.97873,-0.02096,0.14055,0.77723
1695897356.76240,0.99883,0.03566,0.03263,-0.04201,0.97430,0.22131,-0.02390,-0.22243,0.97466,-0.01847,0.14288,0.77285
1695897356.86770,0.99862,0.03633,0.03801,-0.04339,0.97768,0.20557,-0.02969,-0.20693,0.97790,-0.01672,0.14388,0.77164
1695897356.96810,0.99891,0.03068,0.03507,-0.03794,0.97244,0.23005,-0.02705,-0.23113,0.97255,-0.01629,0.13813,0.77393
1695897357.05821,0.99867,0.03337,0.03939,-0.04077,0.97780,0.20552,-0.03165,-0.20686,0.97786,-0.01387,0.14116,0.77027
1695897357.16214,0.99935,0.03225,0.01609,-0.03486,0.97820,0.20469,-0.00913,-0.20512,0.97869,-0.01340,0.14266,0.76875
1695897357.26039,0.99932,0.03155,0.01920,-0.03492,0.97644,0.21294,-0.01203,-0.21346,0.97688,-0.01463,0.14040,0.76984
1695897357.36713,0.99909,0.03143,0.02882,-0.03669,0.97798,0.20544,-0.02173,-0.20631,0.97824,-0.01522,0.13976,0.76879
1695897357.47160,0.99948,0.03186,0.00545,-0.03229,0.97685,0.21145,0.00141,-0.21152,0.97737,-0.01461,0.14004,0.76991
1695897357.57128,0.99898,0.03181,0.03192,-0.03773,0.97779,0.20617,-0.02465,-0.20717,0.97799,-0.01480,0.13910,0.76817
1695897357.67406,0.99913,0.03230,0.02632,-0.03713,0.97680,0.21093,-0.01890,-0.21172,0.97715,-0.01469,0.13954,0.76840
1695897357.77693,0.99910,0.03313,0.02664,-0.03778,0.97925,0.19911,-0.01949,-0.19994,0.97961,-0.01149,0.13982,0.77254
1695897357.87486,0.99870,0.02877,0.04215,-0.03686,0.97790,0.20577,-0.03530,-0.20706,0.97769,-0.00290,0.14624,0.76951
1695897357.97429,0.99876,0.03155,0.03850,-0.03930,0.97450,0.22094,-0.03055,-0.22218,0.97453,-0.00082,0.14942,0.76765
1695897358.07970,0.99783,0.03295,0.05697,-0.04474,0.97448,0.21996,-0.04827,-0.22203,0.97384,-0.00009,0.15311,0.76694
1695897358.17408,0.99880,0.03162,0.03742,-0.03936,0.97269,0.22875,-0.02916,-0.22995,0.97277,-0.00066,0.15631,0.76753
1695897358.28078,0.99812,0.03051,0.05319,-0.04159,0.97427,0.22152,-0.04506,-0.22331,0.97370,-0.00237,0.15448,0.76824
1695897358.38409,0.99880,0.03037,0.03852,-0.03778,0.97719,0.20900,-0.03130,-0.21021,0.97716,0.00160,0.15456,0.77295
1695897358.48572,0.99817,0.02618,0.05447,-0.03760,0.97465,0.22057,-0.04732,-0.22222,0.97385,0.00948,0.15942,0.77209
1695897358.58553,0.99919,0.03244,0.02402,-0.03721,0.97094,0.23640,-0.01565,-0.23710,0.97136,0.00594,0.16001,0.77506
1695897358.68822,0.99793,0.03394,0.05469,-0.04479,0.97637,0.21143,-0.04622,-0.21344,0.97586,0.00669,0.15655,0.77439
1695897358.79425,0.99905,0.02949,0.03199,-0.03578,0.97522,0.21834,-0.02476,-0.21927,0.97535,0.01162,0.15254,0.77633
1695897358.89802,0.99874,0.03246,0.03828,-0.03934,0.97993,0.19543,-0.03117,-0.19669,0.97997,0.00872,0.15309,0.77795
1695897358.99909,0.99779,0.03348,0.05746,-0.04570,0.97286,0.22684,-0.04831,-0.22897,0.97223,0.00694,0.15415,0.77835
1695897359.10226,0.99910,0.03040,0.02963,-0.03618,0.97493,0.21953,-0.02222,-0.22041,0.97516,0.00638,0.15211,0.77830
1695897359.20836,0.99875,0.03148,0.03870,-0.03909,0.97583,0.21501,-0.03100,-0.21625,0.97585,0.00462,0.14868,0.77819
1695897359.30433,0.99839,0.02889,0.04885,-0.03952,0.97165,0.23309,-0.04073,-0.23465,0.97123,0.00597,0.14859,0.77835
1695897359.41163,0.99913,0.03132,0.02767,-0.03662,0.97517,0.21841,-0.02014,-0.21923,0.97546,0.00596,0.15162,0.77739
1695897359.50816,0.99868,0.03169,0.04050,-0.03959,0.97643,0.21216,-0.03282,-0.21349,0.97639,0.00655,0.15047,0.77862
1695897359.60909,0.99887,0.02888,0.03779,-0.03687,0.97209,0.23171,-0.03005,-0.23284,0.97205,0.01026,0.15092,0.77797
1695897359.71569,0.99865,0.02929,0.04300,-0.03787,0.97596,0.21464,-0.03568,-0.21597,0.97575,0.01289,0.15194,0.77816
1695897359.81435,0.99947,0.02617,0.01931,-0.02974,0.97569,0.21711,-0.01316,-0.21757,0.97596,0.01528,0.15196,0.77894
1695897359.91583,0.99763,0.02365,0.06460,-0.03729,0.97503,0.21891,-0.05781,-0.22080,0.97360,0.01649,0.15885,0.77393
1695897360.01868,0.99849,0.03012,0.04600,-0.04033,0.96986,0.24029,-0.03738,-0.24179,0.96961,0.01460,0.16256,0.77426
1695897360.12074,0.99834,0.03100,0.04858,-0.04119,0.97337,0.22552,-0.04029,-0.22714,0.97303,0.01448,0.15932,0.77621
1695897360.22319,0.99850,0.02451,0.04888,-0.03536,0.97128,0.23529,-0.04171,-0.23667,0.97069,0.01613,0.15372,0.77704
1695897360.32619,0.99875,0.02911,0.04062,-0.03725,0.97552,0.21672,-0.03331,-0.21796,0.97539,0.01431,0.15513,0.77607
1695897360.43059,0.99807,0.03131,0.05356,-0.04169,0.97778,0.20544,-0.04593,-0.20728,0.97720,0.01275,0.15427,0.77582
1695897360.52951,0.99828,0.03078,0.04991,-0.04090,0.97545,0.21637,-0.04203,-0.21804,0.97503,0.01187,0.15169,0.77667
1695897360.62872,0.99847,0.02979,0.04654,-0.03907,0.97619,0.21339,-0.03907,-0.21488,0.97586,0.01106,0.15090,0.78021
1695897360.73122,0.99855,0.02779,0.04611,-0.03690,0.97693,0.21036,-0.03920,-0.21176,0.97654,0.00997,0.14924,0.77798
1695897360.83319,0.99846,0.02790,0.04804,-0.03780,0.97494,0.21924,-0.04072,-0.22072,0.97449,0.00752,0.15005,0.77808
1695897360.93800,0.99917,0.02789,0.02981,-0.03320,0.98006,0.19590,-0.02375,-0.19673,0.98017,0.00683,0.14931,0.77894
1695897361.03739,0.99918,0.02802,0.02927,-0.03369,0.97578,0.21616,-0.02250,-0.21697,0.97592,0.00837,0.15087,0.77883
1695897361.14259,0.99849,0.02511,0.04880,-0.03451,0.97864,0.20269,-0.04267,-0.20406,0.97803,0.00774,0.14990,0.77922
1695897361.24711,0.99847,0.02539,0.04913,-0.03616,0.97189,0.23265,-0.04185,-0.23407,0.97132,0.00491,0.15176,0.77999
1695897361.34700,0.99791,0.02411,0.05994,-0.03701,0.97379,0.22442,-0.05296,-0.22617,0.97265,0.00249,0.15124,0.77902
1695897361.44954,0.99967,0.02554,0.00109,-0.02520,0.97695,0.21196,0.00435,-0.21191,0.97728,0.00211,0.14999,0.78135
1695897361.54741,0.99886,0.02409,0.04126,-0.03254,0.97536,0.21819,-0.03499,-0.21928,0.97503,0.00098,0.14881,0.78320
1695897361.64669,0.99862,0.02232,0.04747,-0.03224,0.97505,0.21962,-0.04139,-0.22085,0.97443,-0.00026,0.14849,0.78327
1695897361.75087,0.99921,0.02339,0.03198,-0.02949,0.97807,0.20618,-0.02646,-0.20696,0.97799,-0.00162,0.14964,0.78411
1695897361.85089,0.99916,0.02312,0.03381,-0.02994,0.97560,0.21748,-0.02796,-0.21831,0.97548,-0.00373,0.15253,0.78318
