1696061133.69384,0.67525,-0.02827,0.73705,0.01160,0.99955,0.02771,-0.73750,-0.01017,0.67527,-0.14755,-0.04904,1.24477
1696061133.80286,0.67470,-0.02818,0.73755,0.01269,0.99957,0.02658,-0.73798,-0.00857,0.67476,-0.14757,-0.04906,1.24500
1696061133.91936,0.67377,-0.02924,0.73837,0.01057,0.99950,0.02993,-0.73887,-0.01237,0.67373,-0.14742,-0.04901,1.24450
1696061134.03866,0.67412,-0.02955,0.73803,0.01115,0.99949,0.02983,-0.73854,-0.01188,0.67411,-0.14752,-0.04906,1.24530
1696061134.17608,0.67289,-0.02970,0.73914,0.00985,0.99946,0.03119,-0.73967,-0.01371,0.67283,-0.14723,-0.04882,1.24267
1696061134.29513,0.67376,-0.02849,0.73840,0.00634,0.99944,0.03278,-0.73893,-0.01740,0.67356,-0.14870,-0.04175,1.24437
