1695887519.51885,0.99808,0.01711,-0.05958,-0.02015,0.99851,-0.05077,0.05863,0.05188,0.99693,0.17290,-0.08373,0.47321
1695887519.61008,0.99952,0.01447,-0.02755,-0.01513,0.99959,-0.02412,0.02719,0.02452,0.99933,0.16198,-0.07604,0.47989
1695887519.71769,0.99892,0.01804,-0.04288,-0.01901,0.99957,-0.02229,0.04246,0.02308,0.99883,0.15052,-0.06677,0.48185
1695887519.91699,0.99537,0.02126,-0.09371,-0.02432,0.99920,-0.03164,0.09296,0.03377,0.99510,0.12463,-0.05112,0.48688
1695887520.01587,0.99396,0.01759,-0.10835,-0.02066,0.99941,-0.02727,0.10781,0.02935,0.99374,0.09958,-0.03614,0.49010
1695887520.12198,0.99396,0.01670,-0.10850,-0.01374,0.99951,0.02797,0.10891,-0.02631,0.99370,0.05638,-0.00829,0.49908
1695887520.23165,0.98802,0.01823,-0.15327,-0.00876,0.99802,0.06225,0.15411,-0.06016,0.98622,0.02923,0.00568,0.49611
1695887520.32797,0.98809,0.02448,-0.15194,-0.01217,0.99660,0.08143,0.15341,-0.07861,0.98503,0.00578,0.01205,0.49825
1695887520.43717,0.98973,0.03438,-0.13872,-0.01914,0.99378,0.10971,0.14163,-0.10592,0.98424,-0.01142,0.01909,0.49940
1695887520.54397,0.98875,0.04724,-0.14191,-0.02712,0.98970,0.14054,0.14709,-0.13511,0.97985,-0.02678,0.03075,0.50211
1695887520.64536,0.98759,0.04454,-0.15063,-0.02206,0.98877,0.14778,0.15552,-0.14262,0.97748,-0.03595,0.03806,0.50433
1695887520.74906,0.98714,0.04095,-0.15456,-0.01439,0.98548,0.16916,0.15924,-0.16475,0.97340,-0.04498,0.04180,0.50266
1695887520.85098,0.98672,0.04046,-0.15730,-0.01004,0.98182,0.18954,0.16211,-0.18545,0.96919,-0.04980,0.04832,0.50196
1695887520.95016,0.98792,0.03810,-0.15019,-0.00853,0.98119,0.19284,0.15471,-0.18923,0.96967,-0.05056,0.04946,0.50357
1695887521.05214,0.98571,0.03322,-0.16514,-0.00267,0.98332,0.18188,0.16843,-0.17884,0.96935,-0.05157,0.04656,0.50427
1695887521.15717,0.98806,0.03480,-0.15007,-0.00588,0.98196,0.18900,0.15394,-0.18586,0.97044,-0.05079,0.04467,0.50426
1695887521.25647,0.98615,0.02932,-0.16326,0.00071,0.98350,0.18093,0.16587,-0.17854,0.96985,-0.05319,0.04698,0.50437
1695887521.35411,0.98529,0.02892,-0.16840,0.00229,0.98325,0.18225,0.17085,-0.17996,0.96872,-0.05397,0.04732,0.50405
1695887521.45421,0.98487,0.02887,-0.17090,0.00344,0.98258,0.18580,0.17329,-0.18357,0.96761,-0.05443,0.04993,0.50383
1695887521.56613,0.98504,0.02677,-0.17024,0.00574,0.98221,0.18768,0.17224,-0.18585,0.96736,-0.05680,0.05055,0.50430
1695887521.66847,0.98465,0.02818,-0.17223,0.00532,0.98158,0.19100,0.17444,-0.18898,0.96636,-0.05847,0.04980,0.50369
1695887521.77057,0.98553,0.02873,-0.16704,0.00311,0.98230,0.18729,0.16946,-0.18510,0.96800,-0.05978,0.04936,0.50298
1695887521.87523,0.98301,0.02834,-0.18136,0.00517,0.98334,0.18170,0.18349,-0.17955,0.96648,-0.06129,0.04728,0.50304
1695887521.97061,0.98612,0.02782,-0.16369,0.00220,0.98359,0.18042,0.16602,-0.17828,0.96987,-0.06257,0.04778,0.50272
1695887522.06970,0.98144,0.02707,-0.18983,0.00852,0.98285,0.18422,0.19156,-0.18242,0.96438,-0.06413,0.04884,0.50210
1695887522.17153,0.98399,0.02661,-0.17621,0.00679,0.98248,0.18626,0.17808,-0.18447,0.96657,-0.06499,0.05007,0.50195
1695887522.28164,0.98437,0.02314,-0.17458,0.00971,0.98269,0.18499,0.17584,-0.18379,0.96711,-0.06595,0.04964,0.50229
1695887522.38155,0.98619,0.02107,-0.16429,0.01022,0.98225,0.18729,0.16532,-0.18638,0.96847,-0.06635,0.04917,0.50248
1695887522.48563,0.98479,0.01458,-0.17313,0.01673,0.98388,0.17803,0.17293,-0.17822,0.96868,-0.06826,0.04625,0.50301
1695887522.58759,0.98390,0.01170,-0.17833,0.02050,0.98388,0.17764,0.17754,-0.17843,0.96780,-0.06835,0.04510,0.50332
1695887522.69099,0.98506,0.01249,-0.17173,0.01952,0.98284,0.18345,0.17108,-0.18406,0.96791,-0.06728,0.04482,0.50330
1695887522.79342,0.98607,0.00454,-0.16628,0.02587,0.98327,0.18028,0.16431,-0.18207,0.96946,-0.06628,0.04416,0.50380
1695887522.89492,0.98625,0.00514,-0.16520,0.02678,0.98134,0.19041,0.16309,-0.19222,0.96771,-0.06603,0.03941,0.50492
1695887522.99675,0.98568,0.00177,-0.16862,0.02829,0.98404,0.17570,0.16624,-0.17796,0.96990,-0.06745,0.03796,0.50340
1695887523.10084,0.98490,-0.00123,-0.17312,0.03214,0.98389,0.17585,0.17011,-0.17876,0.96907,-0.06458,0.04016,0.50452
1695887523.20167,0.98702,-0.00447,-0.16051,0.03532,0.98117,0.18987,0.15664,-0.19307,0.96860,-0.06103,0.03492,0.50669
1695887523.30644,0.98674,-0.01418,-0.16168,0.04205,0.98449,0.17031,0.15676,-0.17485,0.97204,-0.05833,0.02748,0.50645
1695887523.40764,0.98571,-0.02604,-0.16641,0.05236,0.98640,0.15581,0.16009,-0.16230,0.97367,-0.05321,0.02463,0.50537
1695887523.51019,0.98801,-0.03315,-0.15076,0.05745,0.98548,0.15980,0.14327,-0.16655,0.97557,-0.05264,0.02384,0.50655
1695887523.61306,0.98756,-0.03092,-0.15415,0.05524,0.98620,0.15604,0.14720,-0.16262,0.97565,-0.05269,0.01631,0.50707
1695887523.71319,0.98759,-0.03706,-0.15260,0.05684,0.99022,0.12738,0.14638,-0.13448,0.98004,-0.05203,0.01171,0.50564
1695887523.81576,0.98563,-0.03722,-0.16474,0.05796,0.99072,0.12297,0.15864,-0.13075,0.97864,-0.04911,0.01177,0.50453
1695887523.91993,0.98625,-0.04177,-0.15991,0.06244,0.99000,0.12646,0.15303,-0.13471,0.97900,-0.04677,0.01700,0.50447
1695887524.02214,0.98680,-0.04330,-0.15604,0.06448,0.98897,0.13331,0.14855,-0.14161,0.97871,-0.04548,0.01903,0.50439
1695887524.12459,0.98809,-0.04482,-0.14723,0.06473,0.98895,0.13336,0.13962,-0.14130,0.98007,-0.04533,0.01749,0.50606
1695887524.22723,0.98721,-0.04721,-0.15229,0.06629,0.99022,0.12275,0.14500,-0.13128,0.98068,-0.04534,0.01168,0.50594
1695887524.32688,0.98696,-0.04751,-0.15378,0.06467,0.99198,0.10859,0.14738,-0.11712,0.98212,-0.04413,0.01065,0.50519
1695887524.42904,0.98717,-0.04833,-0.15219,0.06572,0.99160,0.11143,0.14553,-0.12000,0.98205,-0.04288,0.01200,0.50490
1695887524.53095,0.98690,-0.04734,-0.15421,0.06501,0.99162,0.11160,0.14763,-0.12016,0.98172,-0.04269,0.01182,0.50521
1695887524.63219,0.98704,-0.04687,-0.15351,0.06407,0.99196,0.10912,0.14716,-0.11754,0.98210,-0.04267,0.01111,0.50508
1695887524.73372,0.98772,-0.04736,-0.14886,0.06439,0.99165,0.11173,0.14232,-0.11994,0.98253,-0.04234,0.01071,0.50543
1695887524.83831,0.98766,-0.04754,-0.14923,0.06460,0.99165,0.11162,0.14268,-0.11988,0.98248,-0.04148,0.01032,0.50545
1695887524.93921,0.98781,-0.04743,-0.14829,0.06440,0.99164,0.11180,0.14175,-0.11999,0.98260,-0.04142,0.01080,0.50533
1695887525.04217,0.98768,-0.04723,-0.14922,0.06426,0.99169,0.11145,0.14272,-0.11967,0.98250,-0.04150,0.01155,0.50545
1695887525.14325,0.98801,-0.04718,-0.14699,0.06522,0.99057,0.12047,0.13992,-0.12861,0.98178,-0.04116,0.01142,0.50559
1695887525.24141,0.98813,-0.04677,-0.14635,0.06353,0.99167,0.11207,0.13989,-0.12003,0.98286,-0.04145,0.00979,0.50577
1695887525.34460,0.98773,-0.04751,-0.14875,0.06529,0.99097,0.11708,0.14185,-0.12535,0.98192,-0.04104,0.01064,0.50555
1695887525.44361,0.98838,-0.04793,-0.14425,0.06408,0.99192,0.10951,0.13784,-0.11748,0.98346,-0.03982,0.01036,0.50606
1695887525.54668,0.98891,-0.04747,-0.14072,0.06311,0.99205,0.10886,0.13443,-0.11653,0.98405,-0.03984,0.00966,0.50632
1695887525.65076,0.98777,-0.04730,-0.14858,0.06394,0.99194,0.10936,0.14221,-0.11752,0.98284,-0.04131,0.01028,0.50574
1695887525.75506,0.98757,-0.04872,-0.14942,0.06528,0.99200,0.10801,0.14296,-0.11642,0.98286,-0.04398,0.01098,0.50593
1695887525.85109,0.98710,-0.04725,-0.15299,0.06564,0.99091,0.11745,0.14604,-0.12597,0.98122,-0.04489,0.01267,0.50595
1695887525.95812,0.98749,-0.04499,-0.15115,0.06253,0.99158,0.11340,0.14478,-0.12143,0.98198,-0.04466,0.01028,0.50605
1695887526.06218,0.98673,-0.04969,-0.15460,0.06628,0.99236,0.10405,0.14825,-0.11291,0.98248,-0.04590,0.00882,0.50630
1695887526.16318,0.98639,-0.04780,-0.15734,0.06554,0.99181,0.10960,0.15081,-0.11842,0.98144,-0.04254,0.00912,0.50685
1695887526.26915,0.98825,-0.04691,-0.14548,0.06355,0.99168,0.11192,0.13902,-0.11984,0.98301,-0.03947,0.01011,0.50701
1695887526.36742,0.98743,-0.05117,-0.14951,0.06802,0.99162,0.10985,0.14264,-0.11864,0.98264,-0.04075,0.00892,0.50644
1695887526.47074,0.98671,-0.05033,-0.15448,0.06808,0.99139,0.11185,0.14753,-0.12088,0.98164,-0.04079,0.00997,0.50536
1695887526.57035,0.98674,-0.05262,-0.15356,0.07130,0.99036,0.11877,0.14583,-0.12814,0.98098,-0.04216,0.01200,0.50619
1695887526.67304,0.98674,-0.05476,-0.15280,0.07267,0.99079,0.11425,0.14513,-0.12384,0.98163,-0.04080,0.01346,0.50644
1695887526.77051,0.98643,-0.05853,-0.15337,0.07677,0.99030,0.11582,0.14510,-0.12602,0.98136,-0.04087,0.01575,0.50654
1695887526.87434,0.98611,-0.05766,-0.15578,0.07682,0.98980,0.11995,0.14727,-0.13025,0.98048,-0.04184,0.01555,0.50641
1695887526.97478,0.98561,-0.05941,-0.15826,0.07816,0.99028,0.11505,0.14988,-0.12576,0.98067,-0.04591,0.01513,0.50557
1695887527.07519,0.98351,-0.05809,-0.17130,0.07824,0.99047,0.11332,0.16309,-0.12485,0.97868,-0.04851,0.01233,0.50414
1695887527.18651,0.98377,-0.05541,-0.17065,0.07534,0.99077,0.11266,0.16284,-0.12369,0.97887,-0.04482,0.01371,0.50488
1695887528.29390,0.98544,-0.05586,-0.16058,0.07545,0.99007,0.11863,0.15236,-0.12901,0.97987,-0.04665,0.00903,0.50446
1695887528.39466,0.98590,-0.05596,-0.15767,0.07406,0.99101,0.11138,0.15002,-0.12149,0.98119,-0.04576,0.00844,0.50442
1695887528.50259,0.98599,-0.05796,-0.15644,0.07590,0.99089,0.11128,0.14856,-0.12160,0.98140,-0.04593,0.00818,0.50437
1695887528.60390,0.98540,-0.05693,-0.16046,0.07660,0.98991,0.11922,0.15206,-0.12977,0.97981,-0.04644,0.00850,0.50438
1695887528.71239,0.98602,-0.05606,-0.15691,0.07461,0.99057,0.11491,0.14899,-0.12501,0.98090,-0.04508,0.00777,0.50415
1695887528.81924,0.98652,-0.05895,-0.15267,0.07624,0.99100,0.11002,0.14482,-0.12017,0.98213,-0.04614,0.00630,0.50445
1695887528.91386,0.98546,-0.05879,-0.15942,0.07659,0.99120,0.10793,0.15167,-0.11857,0.98129,-0.04588,0.00516,0.50344
1695887529.01620,0.98593,-0.05922,-0.15631,0.07693,0.99097,0.10979,0.14839,-0.12027,0.98159,-0.04677,0.00426,0.50415
1695887529.11856,0.98527,-0.05701,-0.16119,0.07509,0.99127,0.10837,0.15361,-0.11888,0.98095,-0.04581,0.00297,0.50384
1695887529.22348,0.98596,-0.05759,-0.15673,0.07493,0.99142,0.10709,0.14922,-0.11733,0.98182,-0.04480,0.00373,0.50407
1695887529.32676,0.98548,-0.05939,-0.15905,0.07673,0.99148,0.10524,0.15145,-0.11592,0.98165,-0.04589,0.00229,0.50462
1695887529.42645,0.98518,-0.05793,-0.16142,0.07551,0.99160,0.10501,0.15398,-0.11565,0.98128,-0.04724,0.00097,0.50378
1695887529.52654,0.98472,-0.05905,-0.16385,0.07619,0.99203,0.10037,0.15662,-0.11132,0.98137,-0.04801,0.00196,0.50312
1695887529.62762,0.98529,-0.05742,-0.16094,0.07484,0.99172,0.10433,0.15362,-0.11484,0.98143,-0.04814,0.00206,0.50319
1695887529.73310,0.98523,-0.05712,-0.16141,0.07414,0.99207,0.10146,0.15433,-0.11193,0.98166,-0.04684,0.00183,0.50342
1695887529.83336,0.98536,-0.05616,-0.16099,0.07351,0.99186,0.10392,0.15384,-0.11424,0.98147,-0.04633,0.00237,0.50296
1695887529.93091,0.98591,-0.05774,-0.15699,0.07422,0.99209,0.10120,0.14991,-0.11143,0.98240,-0.04523,0.00393,0.50346
1695887530.03392,0.98647,-0.05889,-0.15303,0.07713,0.99023,0.11614,0.14469,-0.12637,0.98137,-0.04309,0.00572,0.50400
1695887530.13363,0.98670,-0.05907,-0.15144,0.07625,0.99097,0.11028,0.14356,-0.12036,0.98230,-0.04204,0.00325,0.50437
1695887530.23889,0.98666,-0.06027,-0.15126,0.07673,0.99146,0.10546,0.14361,-0.11566,0.98285,-0.04258,0.00211,0.50368
1695887530.34075,0.98601,-0.05985,-0.15554,0.07628,0.99186,0.10192,0.14818,-0.11236,0.98256,-0.04296,0.00320,0.50340
1695887530.44233,0.98691,-0.05882,-0.15020,0.07574,0.99109,0.10953,0.14242,-0.11947,0.98257,-0.04286,0.00608,0.50360
1695887530.54493,0.98641,-0.06091,-0.15262,0.07729,0.99159,0.10378,0.14501,-0.11417,0.98282,-0.04460,0.00562,0.50382
1695887530.64793,0.98575,-0.05930,-0.15740,0.07642,0.99152,0.10506,0.14983,-0.11560,0.98193,-0.04612,0.00388,0.50298
1695887530.74929,0.98554,-0.05483,-0.16035,0.07363,0.99078,0.11375,0.15263,-0.12391,0.98048,-0.04659,0.00504,0.50253
1695887530.85267,0.98575,-0.05379,-0.15939,0.07217,0.99110,0.11189,0.15195,-0.12180,0.98085,-0.04644,0.00510,0.50274
1695887530.95260,0.98672,-0.05481,-0.15293,0.07220,0.99124,0.11055,0.14553,-0.12013,0.98203,-0.04656,0.00567,0.50285
1695887531.05619,0.98586,-0.05446,-0.15848,0.07215,0.99152,0.10811,0.15125,-0.11801,0.98143,-0.04746,0.00466,0.50259
1695887531.15893,0.98591,-0.05522,-0.15792,0.07286,0.99146,0.10820,0.15059,-0.11818,0.98151,-0.04682,0.00546,0.50239
1695887531.26101,0.98589,-0.05384,-0.15848,0.07199,0.99120,0.11107,0.15110,-0.12091,0.98110,-0.04624,0.00604,0.50233
1695887531.36275,0.98621,-0.05362,-0.15655,0.07169,0.99110,0.11214,0.14914,-0.12181,0.98128,-0.04670,0.00624,0.50235
1695887531.46866,0.98565,-0.05340,-0.16013,0.07189,0.99111,0.11194,0.15273,-0.12184,0.98073,-0.04700,0.00637,0.50221
1695887531.57040,0.98647,-0.05288,-0.15518,0.07106,0.99093,0.11406,0.14774,-0.12354,0.98128,-0.04705,0.00648,0.50262
1695887531.67176,0.98616,-0.05255,-0.15726,0.07081,0.99109,0.11285,0.14993,-0.12243,0.98109,-0.04644,0.00586,0.50265
1695887531.77774,0.98606,-0.05478,-0.15710,0.07253,0.99133,0.10959,0.14973,-0.11945,0.98148,-0.04655,0.00685,0.50282
1695887531.86326,0.98606,-0.05582,-0.15678,0.07296,0.99171,0.10578,0.14957,-0.11574,0.98195,-0.04725,0.00704,0.50316
1695887531.97056,0.98533,-0.05755,-0.16069,0.07499,0.99167,0.10470,0.15333,-0.11521,0.98144,-0.04789,0.00573,0.50260
1695887532.07076,0.98587,-0.05539,-0.15807,0.07312,0.99139,0.10866,0.15069,-0.11868,0.98143,-0.04772,0.00462,0.50230
1695887532.17146,0.98562,-0.05689,-0.15910,0.07421,0.99168,0.10519,0.15179,-0.11548,0.98164,-0.04862,0.00558,0.50239
1695887532.28396,0.98550,-0.05633,-0.16005,0.07360,0.99184,0.10412,0.15288,-0.11439,0.98160,-0.04935,0.00519,0.50250
1695887532.38763,0.98539,-0.05421,-0.16148,0.07280,0.99109,0.11151,0.15399,-0.12164,0.98056,-0.05010,0.00599,0.50201
1695887532.48836,0.98517,-0.05623,-0.16213,0.07438,0.99135,0.10813,0.15464,-0.11858,0.98083,-0.05048,0.00528,0.50215
1695887532.59257,0.98562,-0.05483,-0.15986,0.07283,0.99137,0.10902,0.15250,-0.11910,0.98110,-0.05040,0.00422,0.50204
1695887532.69531,0.98532,-0.05567,-0.16139,0.07309,0.99187,0.10412,0.15428,-0.11439,0.98138,-0.05027,0.00467,0.50210
1695887532.79662,0.98548,-0.05487,-0.16066,0.07301,0.99133,0.10923,0.15328,-0.11937,0.98095,-0.05137,0.00469,0.50210
1695887532.89769,0.98462,-0.05693,-0.16516,0.07490,0.99168,0.10467,0.15783,-0.11543,0.98070,-0.05306,0.00329,0.50191
1695887532.99666,0.98365,-0.05510,-0.17143,0.07378,0.99178,0.10457,0.16425,-0.11550,0.97963,-0.05322,0.00340,0.50112
1695887533.09828,0.98527,-0.05550,-0.16177,0.07309,0.99179,0.10489,0.15462,-0.11517,0.98124,-0.05312,0.00528,0.50133
1695887533.20152,0.98485,-0.05458,-0.16457,0.07305,0.99142,0.10839,0.15724,-0.11877,0.98039,-0.05463,0.00513,0.50157
1695887533.30444,0.98408,-0.05321,-0.16956,0.07232,0.99145,0.10858,0.16233,-0.11911,0.97952,-0.05530,0.00517,0.50094
1695887533.40785,0.98436,-0.05333,-0.16788,0.07221,0.99148,0.10843,0.16067,-0.11886,0.97983,-0.05535,0.00634,0.50097
1695887533.50909,0.98449,-0.05093,-0.16791,0.07027,0.99129,0.11138,0.16077,-0.12145,0.97949,-0.05573,0.00676,0.50113
1695887533.61064,0.98418,-0.05029,-0.16989,0.06906,0.99192,0.10646,0.16316,-0.11651,0.97970,-0.05728,0.00747,0.50117
1695887533.70895,0.98412,-0.04820,-0.17083,0.06741,0.99181,0.10846,0.16421,-0.11826,0.97931,-0.06147,0.01033,0.50023
1695887533.81083,0.98253,-0.04729,-0.18001,0.06758,0.99181,0.10836,0.17341,-0.11863,0.97768,-0.06523,0.01250,0.49873
1695887533.91629,0.98213,-0.05286,-0.18064,0.07104,0.99287,0.09569,0.17430,-0.10681,0.97888,-0.07041,0.01201,0.49792
1695887534.01265,0.97868,-0.05993,-0.19645,0.07744,0.99356,0.08271,0.19023,-0.09615,0.97702,-0.08143,0.00835,0.49435
1695887534.11679,0.97513,-0.06172,-0.21285,0.07834,0.99443,0.07058,0.20731,-0.08550,0.97453,-0.08288,0.00564,0.48433
1695887534.21882,0.97596,-0.05458,-0.21102,0.06867,0.99583,0.05998,0.20687,-0.07303,0.97564,-0.07417,0.00680,0.48031
1695887534.32015,0.98175,-0.04943,-0.18362,0.06144,0.99629,0.06027,0.17996,-0.07045,0.98115,-0.06280,0.00726,0.46936
1695887534.42438,0.98248,-0.03342,-0.18335,0.04242,0.99807,0.04542,0.18148,-0.05240,0.98200,-0.05601,0.00982,0.46412
1695887534.52625,0.98744,-0.01103,-0.15763,0.01909,0.99858,0.04974,0.15686,-0.05212,0.98624,-0.04880,0.01347,0.45812
1695887534.63338,0.99004,-0.00857,-0.14050,0.01843,0.99745,0.06900,0.13955,-0.07090,0.98767,-0.04332,0.01724,0.45291
1695887534.72941,0.99154,-0.01069,-0.12937,0.01822,0.99820,0.05715,0.12853,-0.05902,0.98995,-0.03677,0.01619,0.44806
1695887534.82807,0.99242,-0.01071,-0.12245,0.01728,0.99846,0.05266,0.12170,-0.05437,0.99108,-0.03243,0.01560,0.44358
1695887534.93161,0.99360,-0.01205,-0.11232,0.01672,0.99903,0.04072,0.11172,-0.04234,0.99284,-0.02893,0.01496,0.44043
1695887535.03594,0.99385,-0.01500,-0.10968,0.02024,0.99870,0.04686,0.10883,-0.04879,0.99286,-0.02721,0.01682,0.43710
1695887535.14225,0.99438,-0.01314,-0.10507,0.01842,0.99860,0.04949,0.10428,-0.05115,0.99323,-0.02782,0.01953,0.43616
1695887535.23967,0.99362,-0.01264,-0.11206,0.01881,0.99835,0.05420,0.11119,-0.05596,0.99222,-0.02858,0.02129,0.43541
1695887535.33676,0.99320,-0.01461,-0.11549,0.02035,0.99861,0.04864,0.11462,-0.05066,0.99212,-0.02997,0.02176,0.43597
1695887535.44283,0.99352,-0.01547,-0.11258,0.02106,0.99860,0.04862,0.11167,-0.05068,0.99245,-0.03117,0.02047,0.43652
1695887535.54188,0.99303,-0.01435,-0.11696,0.02086,0.99829,0.05460,0.11597,-0.05666,0.99164,-0.03176,0.02161,0.43690
1695887535.64655,0.99312,-0.01354,-0.11630,0.01996,0.99833,0.05421,0.11537,-0.05616,0.99173,-0.03283,0.02203,0.43682
1695887535.74604,0.99245,-0.01429,-0.12182,0.02154,0.99806,0.05840,0.12075,-0.06058,0.99083,-0.03285,0.02479,0.43654
1695887535.85260,0.99400,-0.01675,-0.10806,0.02329,0.99795,0.05959,0.10684,-0.06175,0.99236,-0.03357,0.02399,0.43700
1695887535.94979,0.99297,-0.01462,-0.11750,0.02157,0.99808,0.05812,0.11642,-0.06025,0.99137,-0.03306,0.02335,0.43688
1695887536.05480,0.99241,-0.01585,-0.12191,0.02311,0.99803,0.05834,0.12074,-0.06072,0.99082,-0.03320,0.02507,0.43727
1695887536.15479,0.99326,-0.01604,-0.11480,0.02262,0.99816,0.05627,0.11368,-0.05849,0.99179,-0.03385,0.02434,0.43777
1695887536.25474,0.99371,-0.01470,-0.11102,0.02155,0.99792,0.06080,0.10990,-0.06281,0.99196,-0.03421,0.02551,0.43781
1695887536.35452,0.99413,-0.01395,-0.10729,0.02101,0.99767,0.06492,0.10613,-0.06680,0.99211,-0.03355,0.02440,0.43886
1695887536.45007,0.99306,-0.01516,-0.11665,0.02150,0.99835,0.05329,0.11565,-0.05543,0.99174,-0.03407,0.02347,0.43808
1695887536.55036,0.99218,-0.01357,-0.12410,0.02091,0.99810,0.05804,0.12307,-0.06018,0.99057,-0.03475,0.02378,0.43786
1695887536.66277,0.99289,-0.01320,-0.11833,0.02033,0.99803,0.05931,0.11732,-0.06130,0.99120,-0.03562,0.02601,0.43786
1695887536.76456,0.99340,-0.01218,-0.11402,0.01912,0.99802,0.06000,0.11306,-0.06179,0.99166,-0.03601,0.02551,0.43823
1695887536.86787,0.99321,-0.01276,-0.11566,0.01954,0.99814,0.05772,0.11471,-0.05959,0.99161,-0.03613,0.02507,0.43923
1695887536.96375,0.99237,-0.01104,-0.12280,0.01825,0.99816,0.05775,0.12194,-0.05955,0.99075,-0.03593,0.02341,0.43898
1695887537.07029,0.99244,-0.01138,-0.12218,0.01798,0.99843,0.05306,0.12138,-0.05486,0.99109,-0.03646,0.02263,0.43895
1695887537.16964,0.99302,-0.01312,-0.11725,0.01851,0.99882,0.04499,0.11652,-0.04684,0.99208,-0.03626,0.02372,0.43933
1695887537.27273,0.99265,-0.01059,-0.12057,0.01679,0.99858,0.05056,0.11987,-0.05221,0.99142,-0.03573,0.02256,0.43872
1695887537.37601,0.99288,-0.01083,-0.11865,0.01652,0.99876,0.04704,0.11799,-0.04867,0.99182,-0.03615,0.02360,0.43867
1695887537.47083,0.99202,-0.00935,-0.12572,0.01570,0.99864,0.04964,0.12508,-0.05122,0.99082,-0.03636,0.02198,0.43884
1695887537.57377,0.99229,-0.00956,-0.12356,0.01583,0.99863,0.04985,0.12291,-0.05143,0.99108,-0.03637,0.02189,0.43899
1695887537.68093,0.99243,-0.00857,-0.12254,0.01420,0.99888,0.04517,0.12201,-0.04657,0.99144,-0.03658,0.02270,0.43837
1695887537.78344,0.99245,-0.00699,-0.12247,0.01417,0.99822,0.05786,0.12184,-0.05916,0.99078,-0.03729,0.02320,0.43901
1695887537.88773,0.99246,-0.00708,-0.12237,0.01372,0.99847,0.05352,0.12180,-0.05479,0.99104,-0.03710,0.02321,0.43880
1695887537.98725,0.99335,-0.00752,-0.11489,0.01467,0.99800,0.06148,0.11419,-0.06276,0.99147,-0.03624,0.02299,0.43855
1695887538.08857,0.99295,-0.00489,-0.11845,0.01260,0.99784,0.06446,0.11788,-0.06550,0.99087,-0.03532,0.02322,0.43855
1695887538.18931,0.99295,-0.00552,-0.11840,0.01174,0.99859,0.05185,0.11795,-0.05287,0.99161,-0.03537,0.02402,0.43867
1695887538.29022,0.99272,-0.00362,-0.12037,0.01225,0.99740,0.07103,0.11980,-0.07199,0.99018,-0.03591,0.02462,0.43876
1695887538.39400,0.99310,-0.00474,-0.11717,0.01206,0.99802,0.06181,0.11665,-0.06280,0.99119,-0.03548,0.02553,0.43908
1695887538.49765,0.99287,-0.00695,-0.11896,0.01360,0.99838,0.05518,0.11839,-0.05640,0.99136,-0.03511,0.02298,0.43946
1695887538.59886,0.99281,-0.00538,-0.11957,0.01361,0.99758,0.06816,0.11892,-0.06930,0.99048,-0.03443,0.02297,0.43918
1695887538.69952,0.99274,-0.00602,-0.12011,0.01307,0.99823,0.05797,0.11955,-0.05912,0.99107,-0.03389,0.02315,0.43912
1695887538.79875,0.99311,-0.00888,-0.11685,0.01587,0.99813,0.05902,0.11611,-0.06047,0.99139,-0.03448,0.02305,0.43946
1695887538.90312,0.99316,-0.00860,-0.11647,0.01523,0.99831,0.05612,0.11579,-0.05751,0.99161,-0.03385,0.02252,0.43911
1695887539.00829,0.99332,-0.00971,-0.11497,0.01644,0.99820,0.05770,0.11420,-0.05920,0.99169,-0.03413,0.02170,0.43990
1695887539.10669,0.99360,-0.00924,-0.11260,0.01500,0.99862,0.05042,0.11198,-0.05178,0.99236,-0.03365,0.02221,0.43909
1695887539.21587,0.99265,-0.00921,-0.12065,0.01617,0.99825,0.05681,0.11991,-0.05835,0.99107,-0.03467,0.02187,0.43970
1695887539.31281,0.99210,-0.00950,-0.12508,0.01647,0.99836,0.05480,0.12435,-0.05643,0.99063,-0.03518,0.02071,0.43909
1695887539.40982,0.99302,-0.01031,-0.11747,0.01644,0.99855,0.05132,0.11677,-0.05289,0.99175,-0.03490,0.02036,0.43950
1695887539.51472,0.99252,-0.00984,-0.12171,0.01664,0.99835,0.05499,0.12097,-0.05661,0.99104,-0.03510,0.02097,0.43884
1695887539.61593,0.99326,-0.01056,-0.11542,0.01664,0.99852,0.05184,0.11470,-0.05341,0.99196,-0.03497,0.02111,0.43934
1695887539.71223,0.99250,-0.01083,-0.12178,0.01720,0.99853,0.05137,0.12104,-0.05308,0.99123,-0.03513,0.02048,0.43903
1695887539.81596,0.99258,-0.01002,-0.12117,0.01641,0.99852,0.05192,0.12047,-0.05353,0.99127,-0.03467,0.01981,0.43928
1695887539.91727,0.99327,-0.01123,-0.11530,0.01795,0.99818,0.05749,0.11445,-0.05917,0.99167,-0.03473,0.01946,0.43944
1695887540.02039,0.99356,-0.00956,-0.11288,0.01676,0.99787,0.06304,0.11204,-0.06453,0.99161,-0.03470,0.01867,0.43939
1695887540.11813,0.99298,-0.01006,-0.11786,0.01587,0.99870,0.04847,0.11722,-0.05000,0.99185,-0.03427,0.01919,0.43902
1695887540.22024,0.99299,-0.01001,-0.11776,0.01641,0.99843,0.05352,0.11704,-0.05508,0.99160,-0.03471,0.02069,0.43907
1695887540.32141,0.99289,-0.01010,-0.11858,0.01554,0.99887,0.04498,0.11799,-0.04651,0.99192,-0.03422,0.02043,0.43917
1695887540.42342,0.99302,-0.00935,-0.11756,0.01546,0.99857,0.05121,0.11691,-0.05267,0.99175,-0.03406,0.01907,0.43894
1695887540.51979,0.99278,-0.00839,-0.11966,0.01465,0.99857,0.05149,0.11906,-0.05287,0.99148,-0.03495,0.02063,0.43875
1695887540.62135,0.99270,-0.00771,-0.12034,0.01405,0.99855,0.05194,0.11977,-0.05325,0.99137,-0.03651,0.02148,0.43878
1695887540.73228,0.99221,-0.00807,-0.12435,0.01468,0.99852,0.05229,0.12375,-0.05370,0.99086,-0.03722,0.02190,0.43850
1695887540.82970,0.99251,-0.00698,-0.12196,0.01259,0.99889,0.04532,0.12151,-0.04651,0.99150,-0.03651,0.01840,0.43837
1695887540.94028,0.99273,-0.00625,-0.12023,0.01206,0.99879,0.04765,0.11979,-0.04875,0.99160,-0.03684,0.01837,0.43807
1695887541.04224,0.99204,-0.00611,-0.12577,0.01307,0.99842,0.05462,0.12524,-0.05583,0.99056,-0.03754,0.01803,0.43785
1695887541.14512,0.99217,-0.00677,-0.12475,0.01306,0.99868,0.04963,0.12425,-0.05087,0.99095,-0.03777,0.01760,0.43799
1695887541.24703,0.99218,-0.00522,-0.12473,0.01134,0.99876,0.04838,0.12432,-0.04942,0.99101,-0.03666,0.01850,0.43732
1695887541.34821,0.99289,-0.00616,-0.11890,0.01244,0.99856,0.05209,0.11841,-0.05320,0.99154,-0.03674,0.01944,0.43815
1695887541.45009,0.99226,-0.00661,-0.12402,0.01281,0.99870,0.04927,0.12353,-0.05048,0.99106,-0.03722,0.01879,0.43775
1695887541.56018,0.99212,-0.00538,-0.12521,0.01183,0.99863,0.05088,0.12477,-0.05196,0.99082,-0.03827,0.01982,0.43816
1695887541.65726,0.99204,-0.00998,-0.12557,0.01524,0.99904,0.04103,0.12504,-0.04262,0.99124,-0.03939,0.02086,0.43761
1695887541.75619,0.99210,-0.00610,-0.12529,0.01338,0.99827,0.05732,0.12472,-0.05855,0.99046,-0.03826,0.01982,0.43786
1695887541.86102,0.99115,-0.00662,-0.13257,0.01354,0.99859,0.05136,0.13204,-0.05270,0.98984,-0.03778,0.01888,0.43791
1695887541.96873,0.99203,-0.00826,-0.12574,0.01455,0.99868,0.04917,0.12517,-0.05060,0.99084,-0.03871,0.01911,0.43790
1695887542.07217,0.99153,-0.00725,-0.12967,0.01478,0.99825,0.05725,0.12903,-0.05868,0.98990,-0.03820,0.01967,0.43794
1695887542.16889,0.99203,-0.00856,-0.12569,0.01520,0.99853,0.05197,0.12507,-0.05346,0.99071,-0.03719,0.01923,0.43863
1695887542.26796,0.99276,-0.00680,-0.11989,0.01369,0.99830,0.05674,0.11930,-0.05797,0.99116,-0.03542,0.01918,0.43888
1695887542.36722,0.99237,-0.00894,-0.12300,0.01508,0.99868,0.04915,0.12240,-0.05063,0.99119,-0.03509,0.01775,0.43950
1695887542.46702,0.99253,-0.00664,-0.12183,0.01326,0.99848,0.05358,0.12129,-0.05480,0.99110,-0.03305,0.01841,0.43925
1695887542.57324,0.99324,-0.00759,-0.11583,0.01374,0.99854,0.05233,0.11526,-0.05356,0.99189,-0.03218,0.01870,0.43983
1695887542.67902,0.99290,-0.00898,-0.11862,0.01481,0.99872,0.04841,0.11804,-0.04982,0.99176,-0.03121,0.01630,0.44040
1695887542.77235,0.99341,-0.00630,-0.11448,0.01225,0.99860,0.05140,0.11400,-0.05246,0.99210,-0.03008,0.01435,0.44084
1695887542.87579,0.99293,-0.00819,-0.11842,0.01393,0.99876,0.04774,0.11788,-0.04905,0.99182,-0.02943,0.01446,0.44121
1695887542.97344,0.99373,-0.00981,-0.11136,0.01376,0.99930,0.03481,0.11094,-0.03612,0.99317,-0.02895,0.01359,0.44198
1695887543.07535,0.99324,-0.00726,-0.11587,0.01253,0.99892,0.04477,0.11542,-0.04592,0.99226,-0.02816,0.01385,0.44160
1695887543.18091,0.99370,-0.00998,-0.11158,0.01487,0.99896,0.04309,0.11104,-0.04448,0.99282,-0.02837,0.01275,0.44152
1695887543.28171,0.99334,-0.01093,-0.11474,0.01536,0.99917,0.03780,0.11423,-0.03931,0.99268,-0.02726,0.01358,0.44154
1695887543.38472,0.99385,-0.00989,-0.11032,0.01512,0.99880,0.04667,0.10972,-0.04805,0.99280,-0.02576,0.01262,0.44257
1695887543.48344,0.99387,-0.00855,-0.11023,0.01242,0.99933,0.03448,0.10987,-0.03564,0.99331,-0.02385,0.01201,0.44325
1695887543.58685,0.99449,-0.00685,-0.10463,0.01276,0.99835,0.05595,0.10407,-0.05698,0.99294,-0.02419,0.01225,0.44446
1695887543.68787,0.99415,-0.00841,-0.10767,0.01250,0.99922,0.03735,0.10727,-0.03848,0.99348,-0.02278,0.00808,0.44534
1695887543.79075,0.99490,-0.00437,-0.10079,0.01000,0.99841,0.05540,0.10039,-0.05613,0.99336,-0.02007,0.01079,0.44432
1695887543.89459,0.99549,-0.00704,-0.09457,0.01127,0.99896,0.04426,0.09416,-0.04513,0.99453,-0.01969,0.00960,0.44479
1695887543.99147,0.99446,-0.00844,-0.10474,0.01196,0.99938,0.03303,0.10439,-0.03410,0.99395,-0.02155,0.00779,0.44392
1695887544.09562,0.99355,-0.00889,-0.11309,0.01284,0.99933,0.03421,0.11271,-0.03544,0.99300,-0.02332,0.00817,0.44281
1695887544.19715,0.99452,-0.00477,-0.10445,0.00880,0.99923,0.03815,0.10419,-0.03886,0.99380,-0.02278,0.00843,0.44353
1695887544.29724,0.99418,-0.00531,-0.10756,0.00975,0.99912,0.04082,0.10725,-0.04164,0.99336,-0.02397,0.00989,0.44398
1695887544.39873,0.99378,-0.00490,-0.11126,0.00943,0.99915,0.04016,0.11097,-0.04096,0.99298,-0.02519,0.00904,0.44323
1695887544.49931,0.99461,-0.00453,-0.10356,0.00963,0.99876,0.04880,0.10321,-0.04954,0.99343,-0.02541,0.00941,0.44354
1695887544.59840,0.99387,-0.00545,-0.11040,0.00966,0.99924,0.03766,0.11011,-0.03850,0.99317,-0.02458,0.00679,0.44349
1695887544.69516,0.99526,-0.00675,-0.09698,0.00996,0.99942,0.03265,0.09670,-0.03346,0.99475,-0.02351,0.00876,0.44333
1695887544.80052,0.99484,-0.00896,-0.10102,0.01200,0.99949,0.02951,0.10070,-0.03057,0.99445,-0.02290,0.00894,0.44437
1695887544.90296,0.99537,-0.00588,-0.09594,0.01002,0.99903,0.04279,0.09560,-0.04355,0.99447,-0.01967,0.00902,0.44617
1695887545.00149,0.99544,-0.01197,-0.09467,0.01504,0.99938,0.03182,0.09423,-0.03310,0.99500,-0.01767,0.00691,0.44888
1695887545.10582,0.99536,-0.01106,-0.09558,0.01418,0.99938,0.03210,0.09517,-0.03331,0.99490,-0.01640,0.00768,0.45250
1695887545.20863,0.99572,-0.00936,-0.09197,0.01297,0.99916,0.03876,0.09154,-0.03979,0.99501,-0.01503,0.01013,0.45959
1695887545.31152,0.99634,-0.01617,-0.08389,0.02004,0.99876,0.04551,0.08305,-0.04703,0.99544,-0.01257,0.01047,0.47248
1695887545.41482,0.99633,-0.01936,-0.08341,0.02242,0.99910,0.03588,0.08264,-0.03762,0.99587,-0.00776,0.00566,0.48110
1695887545.51913,0.99617,-0.02091,-0.08487,0.02407,0.99905,0.03638,0.08403,-0.03829,0.99573,0.00094,0.00705,0.48853
1695887545.61808,0.99584,-0.01965,-0.08898,0.02593,0.99721,0.07003,0.08736,-0.07205,0.99357,0.01347,0.01800,0.49937
1695887545.71395,0.99763,-0.01424,-0.06728,0.01940,0.99687,0.07666,0.06598,-0.07779,0.99478,0.02097,0.02012,0.50592
1695887545.81682,0.99881,-0.00929,-0.04783,0.01334,0.99628,0.08512,0.04686,-0.08566,0.99522,0.02659,0.02458,0.51151
1695887545.91948,0.99954,-0.01064,-0.02848,0.01256,0.99761,0.06788,0.02769,-0.06820,0.99729,0.03115,0.02190,0.51943
1695887546.03059,0.99939,-0.01375,-0.03211,0.01672,0.99545,0.09384,0.03067,-0.09432,0.99507,0.03128,0.02042,0.52719
1695887546.14109,0.99886,-0.00705,-0.04713,0.01134,0.99575,0.09135,0.04629,-0.09179,0.99470,0.03028,0.01925,0.53223
1695887546.22588,0.99954,-0.00600,-0.02989,0.00830,0.99695,0.07762,0.02934,-0.07783,0.99654,0.03027,0.01331,0.53952
1695887546.33057,0.99933,0.00088,-0.03647,0.00173,0.99744,0.07153,0.03644,-0.07155,0.99677,0.02864,0.01338,0.54445
1695887546.43184,0.99937,-0.00417,-0.03513,0.00686,0.99703,0.07670,0.03470,-0.07689,0.99644,0.02968,0.01512,0.54877
1695887546.53494,0.99981,-0.00284,-0.01947,0.00449,0.99637,0.08504,0.01915,-0.08512,0.99619,0.03453,0.01555,0.55546
1695887546.64371,0.99973,-0.00159,-0.02306,0.00309,0.99789,0.06490,0.02291,-0.06495,0.99763,0.03561,0.00836,0.55922
1695887546.74695,0.99966,0.00099,-0.02609,0.00057,0.99821,0.05972,0.02610,-0.05972,0.99787,0.03417,0.00665,0.56203
1695887546.85111,0.99966,-0.00483,-0.02580,0.00632,0.99831,0.05784,0.02547,-0.05798,0.99799,0.02940,0.01093,0.56755
1695887546.95432,0.99948,-0.00920,-0.03096,0.01079,0.99860,0.05174,0.03044,-0.05205,0.99818,0.01915,0.00154,0.57474
1695887547.05383,0.99818,-0.00484,-0.06015,0.00760,0.99893,0.04572,0.05987,-0.04610,0.99714,0.01615,-0.00086,0.57749
1695887547.15475,0.99856,-0.00222,-0.05359,0.00437,0.99919,0.04005,0.05346,-0.04023,0.99776,0.01718,0.00286,0.58107
1695887547.26367,0.99870,-0.00122,-0.05096,0.00566,0.99619,0.08704,0.05066,-0.08721,0.99490,0.02099,0.01519,0.58647
1695887547.36077,0.99934,-0.00409,-0.03622,0.00701,0.99669,0.08100,0.03577,-0.08120,0.99606,0.02241,0.01642,0.58984
1695887547.46254,0.99828,0.00107,-0.05862,0.00333,0.99718,0.07492,0.05854,-0.07499,0.99546,0.01890,0.01125,0.59363
1695887547.56574,0.99940,0.00400,-0.03434,-0.00132,0.99698,0.07770,0.03455,-0.07761,0.99639,0.01760,0.01647,0.59671
1695887547.66938,0.99827,0.00684,-0.05846,-0.00209,0.99672,0.08094,0.05882,-0.08067,0.99500,0.01785,0.01916,0.59858
1695887547.76725,0.99884,0.00945,-0.04726,-0.00525,0.99609,0.08819,0.04791,-0.08784,0.99498,0.01599,0.02080,0.60261
1695887547.86792,0.99879,0.00873,-0.04832,-0.00492,0.99692,0.07830,0.04885,-0.07796,0.99576,0.01923,0.01668,0.60774
1695887547.96621,0.99831,0.00611,-0.05778,-0.00199,0.99746,0.07116,0.05807,-0.07092,0.99579,0.02215,0.01408,0.60912
1695887548.06655,0.99916,-0.00246,-0.04084,0.00470,0.99849,0.05480,0.04065,-0.05495,0.99766,0.02128,0.01421,0.61145
1695887548.17738,0.99863,-0.01470,-0.05023,0.01729,0.99852,0.05150,0.04940,-0.05230,0.99741,0.00372,0.01039,0.61876
1695887548.26934,0.99710,-0.01385,-0.07483,0.01833,0.99806,0.05952,0.07386,-0.06072,0.99542,-0.00054,0.00886,0.61767
1695887548.37789,0.99767,-0.01005,-0.06750,0.01390,0.99829,0.05682,0.06681,-0.05762,0.99610,0.00539,0.01403,0.62155
1695887548.47932,0.99864,-0.00728,-0.05159,0.01038,0.99814,0.06009,0.05106,-0.06054,0.99686,0.01079,0.01602,0.62140
1695887548.57986,0.99822,-0.00525,-0.05943,0.00997,0.99679,0.07947,0.05883,-0.07992,0.99506,0.01478,0.01764,0.62200
1695887548.67910,0.99951,-0.00907,-0.02999,0.01090,0.99806,0.06130,0.02938,-0.06160,0.99767,0.01746,0.01181,0.62676
1695887548.78322,0.99914,-0.00561,-0.04097,0.00817,0.99800,0.06263,0.04054,-0.06291,0.99720,0.01915,0.01013,0.62558
1695887548.89088,0.99888,-0.00264,-0.04731,0.00532,0.99838,0.05657,0.04708,-0.05676,0.99728,0.01817,0.01483,0.62763
1695887548.98702,0.99880,-0.00021,-0.04904,0.00360,0.99762,0.06892,0.04891,-0.06901,0.99642,0.01590,0.01662,0.62824
1695887549.09028,0.99901,0.00397,-0.04425,-0.00056,0.99704,0.07685,0.04443,-0.07675,0.99606,0.01535,0.01274,0.62814
1695887549.19972,0.99861,-0.00012,-0.05267,0.00455,0.99647,0.08386,0.05247,-0.08398,0.99508,0.01346,0.01704,0.62844
1695887549.29468,0.99834,0.00279,-0.05759,0.00251,0.99579,0.09162,0.05760,-0.09161,0.99413,0.01434,0.01469,0.62874
1695887549.40366,0.99893,0.00210,-0.04626,0.00163,0.99676,0.08046,0.04628,-0.08045,0.99568,0.01334,0.01399,0.62914
1695887549.49438,0.99848,0.00333,-0.05498,0.00184,0.99560,0.09364,0.05505,-0.09360,0.99409,0.01223,0.01489,0.62829
1695887549.59647,0.99918,0.00048,-0.04056,0.00161,0.99867,0.05159,0.04053,-0.05161,0.99784,0.01166,0.01524,0.62967
1695887549.70575,0.99967,0.00074,-0.02573,0.00093,0.99790,0.06483,0.02572,-0.06483,0.99756,0.01164,0.01528,0.63015
1695887549.79831,0.99819,0.00104,-0.06011,0.00381,0.99674,0.08054,0.06000,-0.08062,0.99494,0.01131,0.01761,0.62878
1695887549.91137,0.99908,0.00138,-0.04297,0.00183,0.99721,0.07469,0.04295,-0.07470,0.99628,0.00954,0.01629,0.63001
1695887550.01342,0.99901,0.00125,-0.04448,0.00191,0.99748,0.07091,0.04445,-0.07092,0.99649,0.00784,0.01652,0.63010
1695887550.11693,0.99819,0.00177,-0.06010,0.00291,0.99698,0.07764,0.06006,-0.07768,0.99517,0.00711,0.01454,0.62921
1695887550.20939,0.99723,0.00077,-0.07437,0.00532,0.99664,0.08173,0.07418,-0.08190,0.99388,0.00641,0.01505,0.62940
1695887550.31541,0.99882,0.00296,-0.04838,0.00048,0.99749,0.07085,0.04846,-0.07079,0.99631,0.00536,0.01323,0.62965
1695887550.41878,0.99610,0.00236,-0.08820,0.00427,0.99718,0.07492,0.08813,-0.07500,0.99328,0.00470,0.01297,0.62821
1695887550.51594,0.99813,0.00282,-0.06099,0.00200,0.99689,0.07883,0.06102,-0.07880,0.99502,0.00392,0.01231,0.62874
1695887550.62608,0.99906,0.00050,-0.04333,0.00260,0.99744,0.07141,0.04326,-0.07145,0.99651,0.00277,0.01223,0.62916
1695887550.71143,0.99526,0.00208,-0.09727,0.00321,0.99853,0.05420,0.09723,-0.05425,0.99378,0.00266,0.01179,0.62854
1695887550.81885,0.99809,0.00112,-0.06179,0.00322,0.99754,0.07007,0.06172,-0.07014,0.99563,0.00305,0.01129,0.62868
1695887550.91828,0.99550,0.00414,-0.09467,0.00283,0.99731,0.07330,0.09472,-0.07323,0.99281,0.00469,0.01077,0.62727
1695887551.02047,0.99838,0.00184,-0.05681,0.00241,0.99721,0.07460,0.05679,-0.07462,0.99559,0.00304,0.00901,0.62928
1695887551.12254,0.99658,0.00321,-0.08254,0.00099,0.99871,0.05077,0.08260,-0.05067,0.99529,0.00274,0.00794,0.62812
1695887551.22355,0.99709,0.00134,-0.07625,0.00257,0.99869,0.05108,0.07622,-0.05113,0.99578,0.00259,0.00918,0.62855
1695887551.33364,0.99746,0.00169,-0.07126,0.00277,0.99805,0.06238,0.07123,-0.06242,0.99550,0.00262,0.00666,0.62889
1695887551.42675,0.99754,0.00272,-0.06999,0.00200,0.99773,0.06727,0.07002,-0.06724,0.99528,0.00127,0.00630,0.62869
1695887551.52975,0.99717,0.00150,-0.07516,0.00161,0.99914,0.04135,0.07516,-0.04136,0.99631,0.00058,0.00653,0.62886
1695887551.64067,0.99694,-0.00148,-0.07811,0.00589,0.99839,0.05635,0.07790,-0.05664,0.99535,0.00048,0.00300,0.63046
1695887551.74160,0.99749,-0.00040,-0.07084,0.00423,0.99854,0.05390,0.07071,-0.05406,0.99603,0.00129,0.00140,0.62930
1695887551.84361,0.99623,-0.00048,-0.08672,0.00491,0.99870,0.05082,0.08659,-0.05105,0.99494,0.00258,0.00291,0.62825
1695887551.94014,0.99765,-0.00235,-0.06852,0.00602,0.99856,0.05330,0.06830,-0.05359,0.99622,0.00137,0.00384,0.62916
1695887552.04273,0.99743,-0.00282,-0.07164,0.00521,0.99943,0.03326,0.07150,-0.03354,0.99688,0.00078,0.00125,0.62941
1695887552.14720,0.99769,-0.00376,-0.06776,0.00689,0.99892,0.04598,0.06752,-0.04634,0.99664,0.00086,-0.00003,0.62906
1695887552.25094,0.99757,-0.00309,-0.06962,0.00567,0.99930,0.03698,0.06945,-0.03729,0.99689,0.00183,-0.00039,0.62879
1695887552.34839,0.99870,-0.00295,-0.05086,0.00517,0.99903,0.04362,0.05068,-0.04383,0.99775,0.00109,0.00016,0.62984
1695887552.44918,0.99780,-0.00227,-0.06625,0.00510,0.99908,0.04267,0.06609,-0.04291,0.99689,0.00133,0.00017,0.63003
1695887552.55647,0.99832,-0.00217,-0.05796,0.00424,0.99936,0.03555,0.05784,-0.03573,0.99769,0.00140,-0.00313,0.63037
1695887552.65696,0.99801,-0.00113,-0.06311,0.00381,0.99909,0.04237,0.06301,-0.04253,0.99711,0.00174,-0.00509,0.62888
1695887552.75687,0.99835,-0.00210,-0.05732,0.00380,0.99956,0.02957,0.05723,-0.02973,0.99792,0.00109,-0.00497,0.62905
1695887552.85274,0.99692,-0.00512,-0.07823,0.00600,0.99992,0.01099,0.07817,-0.01142,0.99687,0.00077,-0.00447,0.62771
1695887552.95836,0.99749,-0.00361,-0.07069,0.00617,0.99933,0.03596,0.07051,-0.03630,0.99685,0.00152,-0.00567,0.62761
1695887553.06340,0.99725,-0.00458,-0.07397,0.00616,0.99976,0.02120,0.07386,-0.02159,0.99703,0.00024,-0.00431,0.62767
1695887553.16087,0.99704,-0.00198,-0.07686,0.00499,0.99923,0.03899,0.07673,-0.03926,0.99628,-0.00096,-0.00537,0.62614
1695887553.26933,0.99745,0.00502,-0.07124,-0.00303,0.99960,0.02802,0.07135,-0.02773,0.99707,-0.00430,-0.00555,0.62550
1695887553.36500,0.99568,-0.00431,-0.09270,0.00762,0.99935,0.03537,0.09249,-0.03592,0.99507,-0.01539,0.00393,0.62291
1695887553.46602,0.99458,-0.00052,-0.10399,0.00528,0.99895,0.04551,0.10386,-0.04581,0.99354,-0.01921,0.00086,0.62212
1695887553.56756,0.99268,-0.00143,-0.12074,0.00419,0.99974,0.02260,0.12067,-0.02294,0.99243,-0.02701,0.00518,0.61458
1695887553.66752,0.99062,-0.00190,-0.13663,0.01145,0.99754,0.06914,0.13616,-0.07006,0.98821,-0.03767,0.02600,0.59879
1695887553.77243,0.98646,-0.00852,-0.16380,0.01727,0.99849,0.05206,0.16311,-0.05418,0.98512,-0.04967,0.02663,0.58525
1695887553.86793,0.97103,-0.01862,-0.23823,0.02493,0.99941,0.02350,0.23765,-0.02876,0.97092,-0.06723,0.02567,0.56220
1695887553.97562,0.97717,-0.03492,-0.20958,0.05137,0.99597,0.07354,0.20617,-0.08263,0.97502,-0.09466,0.05685,0.52504
1695887554.07725,0.97675,-0.04195,-0.21021,0.06529,0.99229,0.10534,0.20417,-0.11662,0.97196,-0.10089,0.07605,0.47625
1695887554.17669,0.98282,-0.02967,-0.18216,0.05370,0.99026,0.12847,0.17657,-0.13605,0.97484,-0.09414,0.08208,0.43647
1695887554.27843,0.98729,-0.03599,-0.15478,0.05504,0.99117,0.12064,0.14907,-0.12762,0.98056,-0.08346,0.07728,0.41520
1695887554.37868,0.98531,-0.04560,-0.16458,0.05775,0.99589,0.06982,0.16072,-0.07829,0.98389,-0.07275,0.06015,0.40287
1695887554.48548,0.98311,-0.05103,-0.17576,0.06189,0.99646,0.05690,0.17223,-0.06681,0.98279,-0.06715,0.04252,0.40091
1695887554.58456,0.98209,-0.04409,-0.18320,0.05644,0.99643,0.06273,0.17978,-0.07195,0.98107,-0.06534,0.03506,0.39298
1695887554.69021,0.98300,-0.04805,-0.17721,0.06105,0.99577,0.06866,0.17316,-0.07831,0.98178,-0.06392,0.03495,0.39470
1695887554.78931,0.98282,-0.04386,-0.17928,0.05748,0.99578,0.07149,0.17539,-0.08056,0.98120,-0.06120,0.03338,0.39351
1695887554.88978,0.98381,-0.04724,-0.17287,0.05945,0.99604,0.06612,0.16906,-0.07532,0.98272,-0.05973,0.03429,0.39344
1695887554.99473,0.98323,-0.04467,-0.17682,0.05808,0.99576,0.07138,0.17288,-0.08045,0.98165,-0.05846,0.03276,0.39381
1695887555.09930,0.98385,-0.04702,-0.17273,0.05876,0.99625,0.06345,0.16910,-0.07257,0.98292,-0.05779,0.03142,0.39426
1695887555.20213,0.98382,-0.04824,-0.17257,0.05987,0.99622,0.06286,0.16889,-0.07218,0.98299,-0.05682,0.02969,0.39386
1695887555.30237,0.98333,-0.04771,-0.17546,0.05958,0.99624,0.06298,0.17179,-0.07238,0.98247,-0.05593,0.03101,0.39428
1695887555.40083,0.98439,-0.04523,-0.17006,0.05708,0.99622,0.06544,0.16646,-0.07413,0.98326,-0.05530,0.03048,0.39473
