1695902422.66191,0.88521,-0.02614,-0.46445,0.04869,0.99814,0.03664,0.46263,-0.05505,0.88484,-1.96231,-0.00983,5.36099
1695902422.78015,0.81148,-0.05830,-0.58146,0.04375,0.99828,-0.03904,0.58274,0.00624,0.81264,-1.90792,-0.01163,5.32898
1695902423.95608,0.79529,-0.11770,-0.59469,0.05917,0.99136,-0.11707,0.60333,0.05791,0.79538,-1.77464,-0.00359,5.19128
1695902424.20534,0.82350,-0.17822,-0.53860,0.03842,0.96472,-0.26048,0.56602,0.19381,0.80129,-1.78393,-0.01991,5.14222
1695902424.32374,0.98661,-0.06674,-0.14878,0.07948,0.99351,0.08137,0.14239,-0.09211,0.98552,-1.80312,-0.03609,5.19721
1695902424.76887,0.86017,-0.09487,-0.50111,-0.00742,0.98011,-0.19829,0.50996,0.17428,0.84236,-1.78700,-0.05583,5.07221
1695902425.02837,0.97512,0.06938,-0.21055,-0.01010,0.96268,0.27044,0.22146,-0.26159,0.93943,-1.77324,-0.07167,5.03444
1695902425.58982,0.86459,-0.04461,-0.50050,0.00213,0.99637,-0.08511,0.50248,0.07252,0.86154,-1.80249,-0.05537,4.96728
1695902425.84916,0.99258,-0.06946,-0.09985,0.06060,0.99417,-0.08924,0.10546,0.08253,0.99099,-1.76028,-0.05145,4.90448
1695902426.52562,0.99647,-0.03105,-0.07799,0.04639,0.97803,0.20322,0.06997,-0.20612,0.97602,-1.77418,-0.00532,4.76966
1695902426.89874,0.96098,-0.04648,-0.27270,0.04711,0.99888,-0.00424,0.27259,-0.00878,0.96209,-1.83270,-0.08242,4.77259
1695902427.20075,0.88416,0.02746,-0.46638,0.05161,0.98642,0.15591,0.46433,-0.16192,0.87074,-1.20232,-0.04865,4.78637
1695902427.61310,0.99496,0.05881,-0.08123,-0.02989,0.94708,0.31960,0.09573,-0.31556,0.94406,-1.00802,-0.05392,4.78439
1695902429.28364,0.93920,-0.05553,0.33886,0.03053,0.99643,0.07866,-0.34202,-0.06353,0.93754,0.55026,-0.05852,4.73584
1695902429.48303,0.99550,-0.02722,0.09079,0.03211,0.99808,-0.05288,-0.08918,0.05555,0.99447,0.59920,-0.06190,4.75332
1695902429.68214,0.97192,-0.00247,0.23531,0.04494,0.98349,-0.17528,-0.23099,0.18093,0.95598,0.62014,-0.10996,4.68396
1695902429.79026,0.98546,-0.03548,0.16618,0.04212,0.99844,-0.03662,-0.16462,0.04309,0.98541,0.62614,-0.12545,4.70781
1695902430.01847,0.99561,-0.01073,-0.09296,0.01992,0.99493,0.09854,0.09144,-0.09996,0.99078,0.64103,-0.16033,4.52784
1695902430.12186,0.95689,-0.03817,0.28794,0.03279,0.99919,0.02350,-0.28860,-0.01305,0.95736,0.66394,-0.16297,4.56790
1695902430.26250,0.98624,-0.01298,0.16482,0.02631,0.99653,-0.07898,-0.16323,0.08223,0.98316,0.69887,-0.18123,4.60039
1695902430.40243,0.97117,-0.00486,0.23834,0.01268,0.99943,-0.03128,-0.23805,0.03340,0.97068,0.70549,-0.15269,4.55957
1695902430.63855,0.94420,0.01246,0.32913,0.04410,0.98551,-0.16381,-0.32640,0.16918,0.92997,0.72976,-0.12986,4.45094
1695902430.84378,0.90760,-0.06282,0.41512,0.02880,0.99573,0.08773,-0.41885,-0.06767,0.90553,0.75561,-0.12695,4.40227
1695902430.94697,0.99924,-0.00721,-0.03820,-0.00075,0.97894,-0.20415,0.03887,0.20402,0.97819,0.77511,-0.11142,4.38693
1695902431.08400,0.96880,-0.02390,0.24670,0.02114,0.99968,0.01384,-0.24695,-0.00819,0.96899,0.80927,-0.12284,4.40079
1695902431.31099,0.95664,-0.01366,0.29097,0.02683,0.99879,-0.04132,-0.29005,0.04733,0.95584,0.83403,-0.10620,4.37310
1695902431.41217,0.90226,0.00116,0.43120,0.04545,0.99417,-0.09778,-0.42880,0.10782,0.89694,0.82387,-0.08807,4.30776
1695902431.55937,0.90176,-0.07152,0.42629,0.03851,0.99559,0.08557,-0.43052,-0.06074,0.90053,0.83072,-0.07937,4.25369
1695902431.78287,0.88453,-0.10271,0.45503,0.03278,0.98673,0.15901,-0.46532,-0.12573,0.87617,0.85460,-0.02500,4.19645
1695902432.19785,0.98312,-0.04453,-0.17744,0.02217,0.99177,-0.12609,0.18159,0.12003,0.97602,0.39410,-0.06257,4.26671
1695902432.71908,0.97758,-0.01287,-0.21019,0.02927,0.99675,0.07510,0.20854,-0.07957,0.97477,0.09543,-0.06815,4.20980
1695902432.83117,0.99658,-0.02940,0.07721,0.03238,0.99877,-0.03767,-0.07601,0.04004,0.99630,0.04255,-0.05192,4.29135
1695902432.98019,0.97512,-0.01029,-0.22144,0.03114,0.99538,0.09087,0.21948,-0.09551,0.97093,-0.02097,-0.05004,4.14632
1695902433.12181,0.96377,-0.01503,0.26630,0.04986,0.99096,-0.12452,-0.26202,0.13329,0.95581,-0.05742,-0.08773,4.11615
1695902433.26445,0.96727,-0.05008,0.24874,0.04893,0.99874,0.01081,-0.24897,0.00171,0.96851,-0.13646,-0.07409,4.12907
1695902433.40044,0.99207,-0.03520,0.12068,0.05686,0.98184,-0.18100,-0.11211,0.18642,0.97605,-0.17132,-0.09221,4.09734
1695902433.55182,0.98336,-0.02006,0.18057,0.05125,0.98415,-0.16977,-0.17430,0.17620,0.96880,-0.20868,-0.08755,4.05760
1695902433.69552,0.99210,-0.00692,-0.12528,0.03006,0.98251,0.18375,0.12181,-0.18606,0.97496,-0.24611,-0.08215,4.06501
1695902433.84286,0.96103,0.00613,-0.27636,0.04110,0.98547,0.16480,0.27336,-0.16974,0.94682,-0.30914,-0.07022,4.00587
1695902434.16854,0.95724,-0.07519,0.27935,0.04007,0.99079,0.12937,-0.28650,-0.11265,0.95143,-0.02696,-0.07911,3.98569
1695902434.37167,0.96781,-0.01496,-0.25124,0.03162,0.99755,0.06243,0.24969,-0.06837,0.96591,-0.00798,-0.07003,3.91191
1695902434.48093,0.99906,-0.03872,0.01953,0.03963,0.99804,-0.04843,-0.01762,0.04916,0.99864,-0.00092,-0.09753,4.00455
1695902434.62490,0.99910,-0.03721,0.02057,0.03794,0.99862,-0.03640,-0.01918,0.03714,0.99913,-0.00342,-0.09826,3.99509
1695902434.75523,0.99343,-0.01250,0.11376,0.03312,0.98289,-0.18121,-0.10955,0.18379,0.97684,0.00051,-0.08736,3.87675
1695902434.90866,0.98429,-0.05086,0.16908,0.03678,0.99566,0.08543,-0.17269,-0.07787,0.98189,-0.00281,-0.10303,3.93038
1695902435.06449,0.98206,-0.00572,0.18846,0.03372,0.98875,-0.14570,-0.18551,0.14944,0.97121,-0.00653,-0.08422,3.87142
1695902435.21709,0.98327,-0.01481,-0.18157,0.02995,0.99627,0.08092,0.17969,-0.08500,0.98004,0.00072,-0.13331,3.83080
1695902435.38016,0.97558,-0.00756,0.21951,0.04297,0.98666,-0.15703,-0.21540,0.16263,0.96289,0.00702,-0.11204,3.81046
1695902435.52184,0.99201,-0.02790,-0.12304,0.02562,0.99947,-0.02010,0.12354,0.01679,0.99220,0.00804,-0.09063,3.83586
1695902435.66029,0.98174,-0.01359,0.18976,0.03728,0.99184,-0.12189,-0.18656,0.12674,0.97424,0.01469,-0.10834,3.79342
1695902435.88984,0.98669,-0.03281,0.15929,0.04868,0.99412,-0.09676,-0.15518,0.10322,0.98248,0.03055,-0.10198,3.75762
1695902435.99536,0.99957,-0.02939,0.00185,0.02939,0.99957,0.00017,-0.00185,-0.00012,1.00000,0.02481,-0.10190,3.75441
1695902436.13543,0.97230,-0.01490,0.23326,0.03878,0.99442,-0.09814,-0.23049,0.10446,0.96745,0.03958,-0.09206,3.67462
1695902436.27511,0.99948,-0.03228,-0.00129,0.03220,0.99867,-0.04036,0.00259,0.04030,0.99918,0.03905,-0.08764,3.70648
1695902436.41882,0.99688,-0.04092,0.06749,0.04380,0.99817,-0.04179,-0.06566,0.04462,0.99684,0.03541,-0.08985,3.64462
1695902436.55217,0.98148,-0.02721,0.18962,0.02610,0.99962,0.00838,-0.18977,-0.00327,0.98182,0.03926,-0.08817,3.62774
1695902436.69760,0.97080,-0.03480,0.23736,0.04191,0.99881,-0.02497,-0.23621,0.03418,0.97110,0.04307,-0.08120,3.57506
1695902436.84614,0.99390,-0.04190,0.10203,0.03309,0.99570,0.08654,-0.10521,-0.08264,0.99101,0.05370,-0.09570,3.61161
1695902436.98660,0.97706,-0.04852,0.20736,0.02916,0.99501,0.09541,-0.21095,-0.08717,0.97360,0.05462,-0.08832,3.56281
1695902437.13293,0.99760,-0.02747,-0.06354,0.03664,0.98831,0.14799,0.05873,-0.14996,0.98695,0.06026,-0.08281,3.55051
1695902437.28818,0.97657,-0.02857,-0.21332,0.04688,0.99559,0.08128,0.21005,-0.08938,0.97360,0.05638,-0.07631,3.49191
1695902437.42937,0.99902,-0.02542,-0.03633,0.03017,0.99016,0.13662,0.03250,-0.13758,0.98996,0.04718,-0.08481,3.50561
1695902437.58363,0.99955,-0.02901,-0.00727,0.02928,0.99874,0.04082,0.00607,-0.04101,0.99914,0.05484,-0.08486,3.52496
1695902437.72937,0.98540,-0.01691,0.16940,0.01891,0.99977,-0.01022,-0.16918,0.01327,0.98550,0.05169,-0.08987,3.47317
1695902437.87203,0.97960,-0.01972,0.19998,0.04439,0.99182,-0.11968,-0.19598,0.12612,0.97246,0.05327,-0.07461,3.41884
1695902438.02006,0.98409,-0.01450,0.17705,0.03008,0.99587,-0.08564,-0.17508,0.08960,0.98047,0.06347,-0.07868,3.43074
1695902438.16774,0.99946,-0.02801,-0.01727,0.02829,0.99947,0.01604,0.01681,-0.01652,0.99972,0.05672,-0.10039,3.41696
1695902438.32010,0.99947,-0.02682,0.01830,0.02761,0.99864,-0.04425,-0.01709,0.04473,0.99885,0.04079,-0.10258,3.36024
1695902438.47197,0.99376,-0.02149,0.10949,0.03260,0.99438,-0.10074,-0.10671,0.10368,0.98887,0.05960,-0.09669,3.35376
1695902438.60229,0.97262,-0.01697,0.23177,0.03159,0.99773,-0.05955,-0.23023,0.06524,0.97095,0.05684,-0.09428,3.30154
1695902438.75251,0.97316,-0.03579,0.22733,0.03214,0.99929,0.01971,-0.22787,-0.01188,0.97362,0.06643,-0.08392,3.29232
1695902438.89794,0.99916,-0.03200,0.02551,0.03227,0.99943,-0.01019,-0.02516,0.01101,0.99962,0.06503,-0.11482,3.30085
1695902439.04672,0.99907,-0.02378,-0.03602,0.02484,0.99926,0.02926,0.03530,-0.03013,0.99892,0.08280,-0.11890,3.25953
1695902439.18875,0.98805,-0.01931,-0.15291,0.02067,0.99976,0.00730,0.15273,-0.01037,0.98821,0.09982,-0.11204,3.22951
1695902439.33935,0.99578,-0.02614,0.08792,0.02522,0.99961,0.01158,-0.08819,-0.00931,0.99606,0.10630,-0.10559,3.21356
1695902439.48075,0.97782,-0.00892,0.20925,0.03125,0.99412,-0.10369,-0.20710,0.10793,0.97235,0.10374,-0.10747,3.16610
1695902439.61946,0.99966,-0.02448,-0.00878,0.02373,0.99670,-0.07759,0.01065,0.07736,0.99695,0.10908,-0.09156,3.17242
1695902439.76670,0.98505,-0.02202,-0.17088,0.02184,0.99976,-0.00292,0.17090,-0.00086,0.98529,0.11683,-0.10729,3.12611
1695902439.91731,0.98434,-0.01352,-0.17575,0.02538,0.99754,0.06542,0.17443,-0.06885,0.98226,0.11738,-0.09468,3.08779
1695902440.06759,0.99910,-0.02611,0.03346,0.02561,0.99956,0.01506,-0.03384,-0.01419,0.99933,0.11948,-0.09944,3.10463
1695902440.21710,0.99688,-0.02909,-0.07339,0.03656,0.99405,0.10260,0.06997,-0.10496,0.99201,0.11469,-0.10209,3.05133
1695902440.37376,0.99707,-0.02518,0.07217,0.02702,0.99933,-0.02454,-0.07151,0.02642,0.99709,0.11648,-0.10814,3.06815
1695902440.53164,0.99894,-0.02306,0.03983,0.02296,0.99973,0.00276,-0.03989,-0.00184,0.99920,0.10869,-0.10929,3.02170
1695902440.68127,0.99959,-0.02508,0.01406,0.02448,0.99886,0.04087,-0.01507,-0.04051,0.99907,0.10183,-0.11474,3.00939
1695902440.81565,0.99973,-0.01875,-0.01400,0.02010,0.99447,0.10307,0.01199,-0.10333,0.99458,0.10610,-0.10268,2.95658
1695902440.96291,0.98352,-0.01889,0.17979,0.01706,0.99979,0.01175,-0.17997,-0.00849,0.98363,0.11359,-0.10799,2.95327
1695902441.11981,0.99979,-0.01737,0.01061,0.01593,0.99220,0.12367,-0.01267,-0.12348,0.99227,0.11960,-0.12252,2.91516
1695902441.26117,0.99759,-0.01794,-0.06703,0.02623,0.99182,0.12491,0.06424,-0.12637,0.98990,0.12168,-0.11371,2.89914
1695902441.39808,0.99919,-0.02992,0.02677,0.02729,0.99520,0.09402,-0.02946,-0.09321,0.99521,0.12614,-0.10679,2.87745
1695902441.54557,0.99342,-0.01660,-0.11332,0.02532,0.99679,0.07594,0.11170,-0.07831,0.99065,0.12392,-0.12063,2.84278
1695902441.69736,0.96978,-0.01498,0.24351,0.02942,0.99801,-0.05574,-0.24220,0.06122,0.96829,0.13525,-0.11227,2.82235
1695902441.85185,0.99167,-0.02078,0.12714,0.03051,0.99671,-0.07504,-0.12517,0.07830,0.98904,0.13005,-0.12361,2.81206
1695902442.00365,0.99662,-0.02062,-0.07949,0.02696,0.99647,0.07944,0.07757,-0.08132,0.99366,0.12657,-0.12052,2.78428
1695902442.16095,0.99898,-0.02918,0.03431,0.02887,0.99954,0.00949,-0.03457,-0.00849,0.99937,0.12551,-0.13977,2.77422
1695902442.29606,0.99743,-0.03840,0.06042,0.03036,0.99119,0.12891,-0.06484,-0.12675,0.98981,0.12714,-0.13523,2.73643
1695902442.44374,0.99696,-0.02518,0.07371,0.02678,0.99943,-0.02077,-0.07315,0.02268,0.99706,0.13009,-0.14122,2.71504
1695902442.58714,0.99599,-0.02304,0.08639,0.02638,0.99894,-0.03779,-0.08543,0.03992,0.99554,0.13538,-0.12837,2.69783
1695902442.72773,0.99915,-0.01593,-0.03800,0.01952,0.99518,0.09608,0.03628,-0.09674,0.99465,0.13398,-0.11576,2.64679
1695902442.87800,0.99930,-0.01831,-0.03254,0.02260,0.99032,0.13698,0.02972,-0.13762,0.99004,0.13497,-0.09971,2.62312
1695902443.01428,0.99950,-0.01808,-0.02594,0.02188,0.98769,0.15490,0.02282,-0.15539,0.98759,0.13495,-0.09555,2.59127
1695902443.15821,0.99062,-0.02137,-0.13495,0.02363,0.99961,0.01520,0.13457,-0.01825,0.99074,0.13976,-0.10534,2.58279
1695902443.30394,0.99667,-0.01841,0.07946,0.02669,0.99417,-0.10451,-0.07707,0.10628,0.99134,0.14429,-0.11268,2.57063
1695902443.45299,0.99905,-0.02110,-0.03803,0.02343,0.99781,0.06182,0.03665,-0.06265,0.99736,0.14359,-0.12427,2.53730
1695902443.59490,0.99759,-0.01400,-0.06789,0.01493,0.99980,0.01330,0.06769,-0.01428,0.99760,0.15292,-0.12525,2.52503
1695902443.74121,0.99212,-0.02855,0.12197,0.01879,0.99658,0.08041,-0.12385,-0.07748,0.98927,0.15969,-0.13487,2.49030
1695902443.87896,0.99124,-0.00872,0.13177,0.02097,0.99555,-0.09190,-0.13039,0.09386,0.98701,0.17000,-0.14103,2.47363
1695902494.82186,0.91015,0.02392,-0.41360,0.04008,0.98856,0.14538,0.41234,-0.14890,0.89878,-2.03492,-0.05015,5.14220
1695902495.79913,0.83431,-0.15674,-0.52855,-0.03122,0.94376,-0.32916,0.55041,0.29112,0.78249,-1.90490,-0.02197,4.94355
1695902495.91857,0.93310,-0.06216,-0.35420,0.05653,0.99806,-0.02622,0.35515,0.00444,0.93480,-1.95908,-0.01886,5.09006
1695902496.20862,0.76405,-0.05719,-0.64262,0.05368,0.99824,-0.02502,0.64292,-0.01538,0.76578,-1.92635,-0.00009,4.98016
1695902496.59750,0.99309,-0.07462,-0.09057,0.06827,0.99512,-0.07128,0.09545,0.06460,0.99334,-1.88133,-0.01734,4.83957
1695902496.71433,0.99450,-0.06322,-0.08353,0.06319,0.99800,-0.00310,0.08356,-0.00220,0.99650,-1.89939,-0.01730,4.89197
1695902496.87304,0.99836,-0.05595,-0.01201,0.05671,0.99541,0.07703,0.00764,-0.07758,0.99696,-1.88771,-0.03091,4.79259
1695902497.18911,0.75418,-0.15599,-0.63787,0.05216,0.98254,-0.17860,0.65459,0.10142,0.74915,-1.91007,0.01248,4.75536
1695902497.59936,0.87243,0.04175,-0.48695,0.06304,0.97841,0.19683,0.48465,-0.20242,0.85096,-1.97564,-0.04380,4.78538
1695902497.71858,0.87807,-0.07008,-0.47338,0.07202,0.99730,-0.01405,0.47308,-0.02176,0.88075,-2.02275,-0.02835,4.80640
1695902498.59031,0.94527,-0.04379,0.32334,0.03354,0.99874,0.03721,-0.32456,-0.02433,0.94555,0.52109,0.00167,5.01164
1695902498.69446,0.93070,-0.06620,0.35976,0.02101,0.99154,0.12811,-0.36519,-0.11167,0.92421,0.51509,0.02532,4.94427
1695902498.83337,0.98892,-0.02474,-0.14636,0.01523,0.99772,-0.06572,0.14765,0.06276,0.98705,0.53720,0.01683,4.90577
1695902499.06648,0.94959,0.00666,0.31341,0.02945,0.99346,-0.11032,-0.31209,0.11399,0.94319,0.56606,-0.01716,4.88447
1695902499.25875,0.99989,-0.01435,-0.00456,0.01411,0.99865,-0.04996,0.00527,0.04989,0.99874,0.63284,-0.00679,4.90421
1695902499.37046,0.99612,-0.02773,-0.08352,0.03531,0.99525,0.09074,0.08060,-0.09334,0.99237,0.66276,-0.04815,4.80427
1695902499.52343,0.99723,-0.01736,-0.07226,0.02833,0.98772,0.15362,0.06871,-0.15524,0.98548,0.68400,-0.03289,4.73923
1695902499.74756,0.96904,-0.01959,0.24614,0.02907,0.99897,-0.03493,-0.24520,0.04101,0.96861,0.73036,-0.03602,4.80065
1695902499.95640,0.96522,-0.00092,0.26142,0.02910,0.99416,-0.10396,-0.25980,0.10795,0.95961,0.75107,-0.02722,4.74702
1695902500.06105,0.98651,-0.02253,0.16213,0.02965,0.99869,-0.04160,-0.16098,0.04584,0.98589,0.77288,-0.03244,4.76170
1695902500.19277,0.95372,-0.00062,0.30070,0.04511,0.98898,-0.14102,-0.29730,0.14806,0.94324,0.77818,-0.04022,4.70878
1695902500.33296,0.89121,-0.08874,0.44484,0.04962,0.99387,0.09884,-0.45088,-0.06602,0.89014,0.76958,-0.04992,4.62169
1695902500.46923,0.99664,-0.03281,0.07507,0.02839,0.99784,0.05925,-0.07685,-0.05692,0.99542,0.80408,-0.06182,4.67965
1695902500.70064,0.99471,-0.03870,-0.09521,0.01793,0.97753,-0.21005,0.10119,0.20723,0.97304,0.81448,-0.10156,4.54924
1695902500.90098,0.99334,-0.04596,0.10566,0.02851,0.98653,0.16105,-0.11164,-0.15696,0.98127,0.81554,-0.13294,4.53285
1695902501.01002,0.99779,-0.03141,0.05861,0.02854,0.99838,0.04924,-0.06006,-0.04745,0.99707,0.82708,-0.11784,4.51636
1695902501.22001,0.99482,-0.03868,0.09405,0.02341,0.98711,0.15833,-0.09896,-0.15531,0.98290,0.85960,-0.12682,4.45691
1695902501.32671,0.93882,0.01524,0.34408,0.04094,0.98700,-0.15542,-0.34198,0.16000,0.92599,0.87263,-0.10978,4.48294
1695902501.46696,0.99914,-0.03093,0.02758,0.02343,0.97054,0.23981,-0.03418,-0.23896,0.97043,0.85915,-0.07725,4.35713
1695902501.61469,0.99954,-0.02959,-0.00715,0.02801,0.98594,-0.16472,0.01192,0.16444,0.98631,0.87213,-0.09989,4.38510
1695902501.75762,0.89916,-0.05177,0.43454,0.02725,0.99767,0.06249,-0.43677,-0.04435,0.89848,0.88499,-0.07807,4.39315
1695902502.40008,0.99940,-0.02919,-0.01843,0.02862,0.99914,-0.03016,0.01929,0.02962,0.99938,-0.04277,-0.09550,4.51325
1695902502.80758,0.96458,0.03110,-0.26196,0.02443,0.97823,0.20609,0.26267,-0.20519,0.94282,-0.30142,-0.04703,4.31828
1695902502.90801,0.98105,-0.05468,-0.18587,0.02423,0.98644,-0.16234,0.19222,0.15477,0.96907,-0.35334,-0.04774,4.36282
1695902503.05870,0.99885,-0.03355,-0.03417,0.03217,0.99869,-0.03991,0.03546,0.03877,0.99862,-0.41654,-0.04425,4.36596
1695902503.20078,0.99253,-0.01978,0.12039,0.03748,0.98849,-0.14659,-0.11610,0.15001,0.98184,-0.45324,-0.05245,4.28332
1695902503.33795,0.92230,-0.01665,-0.38612,0.04546,0.99681,0.06559,0.38380,-0.07805,0.92011,-0.51529,-0.04726,4.23230
1695902503.48843,0.99914,-0.04145,0.00242,0.04137,0.98882,-0.14325,0.00354,0.14322,0.98968,-0.56272,-0.04226,4.26059
1695902503.62817,0.99920,-0.02355,-0.03240,0.02379,0.99969,0.00721,0.03222,-0.00797,0.99945,-0.60196,-0.07705,4.22853
1695902503.77973,0.92659,-0.01860,-0.37561,0.03738,0.99838,0.04279,0.37421,-0.05369,0.92579,-0.62900,-0.04674,4.11848
1695902503.91994,0.99043,-0.03652,-0.13312,0.03068,0.99848,-0.04569,0.13459,0.04117,0.99005,-0.69301,-0.06427,4.20736
1695902504.15751,0.99831,-0.05190,0.02616,0.05490,0.98976,-0.13175,-0.01906,0.13296,0.99094,-0.77303,-0.08238,4.03589
1695902504.24992,0.96923,-0.07982,-0.23283,0.03094,0.97796,-0.20650,0.24419,0.19294,0.95034,-0.84620,-0.08979,4.06288
1695902504.39181,0.95876,0.01252,-0.28393,0.03237,0.98772,0.15286,0.28236,-0.15575,0.94658,-0.88035,-0.10141,4.00715
1695902504.54111,0.97408,0.00670,-0.22610,0.04313,0.97573,0.21469,0.22205,-0.21888,0.95015,-0.91971,-0.07704,3.93012
1695902504.68834,0.99151,-0.07023,-0.10944,0.04752,0.97909,-0.19778,0.12104,0.19090,0.97412,-0.98514,-0.09748,3.87707
1695902504.82626,0.99474,-0.05789,-0.08451,0.05050,0.99492,-0.08714,0.08913,0.08241,0.99261,-1.03011,-0.10118,3.88032
1695902504.97451,0.99323,-0.05246,-0.10368,0.04067,0.99280,-0.11269,0.10884,0.10771,0.98821,-1.06958,-0.10616,3.86562
1695902505.11927,0.95172,-0.05272,-0.30240,0.03658,0.99760,-0.05880,0.30478,0.04490,0.95136,-1.10760,-0.08540,3.85080
1695902505.27308,0.86353,0.02687,-0.50359,0.05204,0.98850,0.14197,0.50161,-0.14880,0.85220,-1.13678,-0.07501,3.73970
1695902505.42524,0.95270,-0.05076,-0.29965,0.04308,0.99855,-0.03216,0.30085,0.01773,0.95351,-1.22212,-0.13215,3.79485
1695902505.57148,0.95079,-0.03503,-0.30784,0.04077,0.99909,0.01223,0.30713,-0.02418,0.95136,-1.25802,-0.10575,3.74692
1695902505.70778,0.94412,-0.04070,-0.32709,0.03840,0.99917,-0.01350,0.32737,0.00019,0.94490,-1.30238,-0.12636,3.72102
1695902505.85671,0.94180,-0.03165,-0.33467,0.04372,0.99863,0.02859,0.33331,-0.04156,0.94190,-1.34092,-0.11624,3.67701
1695902506.00449,0.97382,-0.08080,-0.21247,0.04464,0.98447,-0.16979,0.22289,0.15586,0.96230,-1.38168,-0.12720,3.60104
1695902506.15343,0.98843,-0.10897,-0.10552,0.08757,0.97794,-0.18963,0.12386,0.17820,0.97617,-1.41866,-0.13340,3.49333
1695902506.29149,0.93760,-0.09300,-0.33505,0.04599,0.98827,-0.14564,0.34466,0.12115,0.93088,-1.51318,-0.13389,3.52814
1695902506.43606,0.97563,-0.04816,-0.21408,0.04895,0.99880,-0.00159,0.21390,-0.00893,0.97681,-1.53064,-0.14310,3.46458
1695902506.76858,0.98899,-0.06189,-0.13445,0.04139,0.98778,-0.15028,0.14211,0.14306,0.97946,-0.86221,-0.10795,3.63652
1695902506.87591,0.98620,-0.04864,-0.15824,0.03846,0.99703,-0.06678,0.16102,0.05977,0.98514,-0.83099,-0.09446,3.64002
1695902507.01350,0.99793,-0.05728,-0.02937,0.05309,0.99040,-0.12762,0.03640,0.12579,0.99139,-0.79361,-0.10796,3.56625
1695902507.16356,0.92253,-0.06623,-0.38021,0.01936,0.99187,-0.12579,0.38545,0.10868,0.91631,-0.80575,-0.09603,3.58406
1695902507.30839,0.97360,-0.03807,-0.22507,0.03170,0.99899,-0.03183,0.22605,0.02386,0.97382,-0.79949,-0.09785,3.58787
1695902507.45325,0.92777,0.01180,-0.37297,0.04718,0.98777,0.14863,0.37017,-0.15549,0.91586,-0.81293,-0.12468,3.51743
1695902507.60171,0.91236,0.00111,-0.40939,0.04211,0.99444,0.09653,0.40722,-0.10531,0.90724,-0.82048,-0.11511,3.50869
1695902507.75083,0.98058,-0.02910,-0.19396,0.03775,0.99844,0.04102,0.19246,-0.04755,0.98015,-0.83798,-0.09724,3.50671
1695902508.27489,0.98655,-0.02238,0.16191,0.03300,0.99745,-0.06320,-0.16008,0.06770,0.98478,0.56487,-0.09554,3.47513
1695902508.37730,0.98550,-0.01707,0.16880,0.01840,0.99981,-0.00631,-0.16866,0.00932,0.98563,0.56945,-0.08917,3.47449
1695902508.51043,0.98492,-0.02644,0.17100,0.02694,0.99964,-0.00061,-0.17093,0.00521,0.98527,0.58731,-0.09723,3.44123
1695902508.66993,0.99934,-0.02621,-0.02529,0.02837,0.99562,0.08906,0.02285,-0.08972,0.99570,0.59006,-0.06636,3.37399
1695902508.82745,0.98219,0.00819,0.18771,0.01670,0.99129,-0.13064,-0.18714,0.13145,0.97350,0.61832,-0.09537,3.38934
1695902508.97268,0.98384,-0.03738,0.17510,0.02010,0.99484,0.09942,-0.17792,-0.09430,0.97952,0.62504,-0.08923,3.35670
1695902509.12786,0.98530,-0.01568,0.17011,0.02032,0.99947,-0.02559,-0.16962,0.02867,0.98509,0.62989,-0.11086,3.36612
1695902509.26260,0.98040,-0.01496,0.19644,0.02133,0.99931,-0.03036,-0.19585,0.03396,0.98004,0.63210,-0.11535,3.37348
1695902509.40212,0.98991,-0.01229,0.14116,0.02409,0.99632,-0.08220,-0.13963,0.08477,0.98657,0.63448,-0.10615,3.32404
1695902509.54832,0.97644,-0.02093,0.21477,0.03021,0.99874,-0.04002,-0.21367,0.04556,0.97584,0.62870,-0.09480,3.29390
1695902509.70829,0.98899,-0.02420,0.14602,0.02007,0.99936,0.02964,-0.14664,-0.02638,0.98884,0.64551,-0.09106,3.24919
1695902509.86969,0.98647,-0.01926,0.16281,0.01693,0.99973,0.01573,-0.16307,-0.01277,0.98653,0.64563,-0.09182,3.24631
1695902510.00941,0.95040,-0.05228,0.30661,0.01364,0.99183,0.12682,-0.31073,-0.11635,0.94335,0.64000,-0.11656,3.18684
1695902510.15659,0.97241,-0.05757,0.22608,0.02233,0.98760,0.15541,-0.23222,-0.14607,0.96163,0.64032,-0.10857,3.16006
1695902510.29351,0.92024,-0.01817,0.39094,0.02018,0.99980,-0.00104,-0.39084,0.00884,0.92042,0.66036,-0.08667,3.13658
1695902510.44797,0.96406,0.01374,0.26534,0.02022,0.99197,-0.12484,-0.26493,0.12572,0.95604,0.68322,-0.11989,3.11637
1695902510.59121,0.99686,-0.01662,0.07739,0.01300,0.99881,0.04710,-0.07808,-0.04594,0.99589,0.69849,-0.10527,3.09483
1695902510.72822,0.97552,-0.04734,0.21477,0.01884,0.99096,0.13283,-0.21911,-0.12553,0.96759,0.70355,-0.09139,3.06873
1695902510.88372,0.98370,-0.04622,0.17379,0.02413,0.99160,0.12710,-0.17820,-0.12083,0.97655,0.71213,-0.10334,3.03876
1695902511.02586,0.98755,0.00154,0.15729,0.01317,0.99563,-0.09246,-0.15675,0.09338,0.98321,0.72524,-0.09288,3.03394
1695902511.17587,0.98930,-0.04387,0.13913,0.02018,0.98570,0.16728,-0.14448,-0.16268,0.97604,0.72422,-0.09504,2.97814
1695902511.32210,0.96423,-0.01279,0.26477,0.02369,0.99900,-0.03801,-0.26402,0.04292,0.96356,0.72504,-0.10082,2.99273
1695902511.47860,0.95742,-0.00411,0.28867,0.01480,0.99928,-0.03484,-0.28832,0.03763,0.95679,0.71799,-0.08697,2.96520
1695902511.61525,0.98072,-0.05001,0.18889,0.02138,0.98836,0.15064,-0.19422,-0.14370,0.97038,0.71376,-0.09846,2.93045
1695902511.76992,0.95580,0.01772,0.29348,0.01468,0.99406,-0.10783,-0.29364,0.10738,0.94986,0.71735,-0.09238,2.91459
1695902511.92317,0.97293,-0.04287,0.22711,0.01314,0.99132,0.13084,-0.23074,-0.12432,0.96504,0.71731,-0.10656,2.86244
1695902512.07019,0.98677,-0.05060,0.15406,0.02465,0.98583,0.16591,-0.16027,-0.15992,0.97403,0.70780,-0.10730,2.84055
1695902512.21282,0.97356,0.00243,0.22844,0.01010,0.99851,-0.05367,-0.22823,0.05456,0.97208,0.72486,-0.10661,2.86043
1695902512.36157,0.98785,-0.04239,0.14954,0.01987,0.98865,0.14894,-0.15415,-0.14415,0.97747,0.71979,-0.10949,2.79153
1695902512.50114,0.99106,-0.02523,0.13102,0.01337,0.99580,0.09061,-0.13276,-0.08805,0.98723,0.72544,-0.11805,2.77356
1695902512.92859,0.99760,-0.00986,-0.06860,0.01677,0.99475,0.10094,0.06725,-0.10185,0.99252,0.14707,-0.11528,2.83648
1695902513.04377,0.97239,-0.00381,0.23333,0.04608,0.98331,-0.17599,-0.22876,0.18189,0.95634,0.10481,-0.12111,2.78911
1695902513.18151,0.99472,-0.01000,-0.10218,0.01899,0.99599,0.08744,0.10090,-0.08892,0.99092,0.05564,-0.13654,2.76558
1695902513.32402,0.98929,-0.01527,-0.14519,0.02901,0.99524,0.09299,0.14308,-0.09621,0.98502,0.01231,-0.11356,2.76271
1695902513.47264,0.98573,-0.01385,0.16778,0.04041,0.98694,-0.15596,-0.16343,0.16051,0.97341,-0.01421,-0.12951,2.74579
1695902513.62034,0.98511,-0.01301,-0.17143,0.02529,0.99725,0.06964,0.17005,-0.07294,0.98273,-0.03561,-0.13710,2.74810
1695902513.75113,0.99985,-0.01609,-0.00699,0.01597,0.99973,-0.01658,0.00725,0.01647,0.99984,-0.06023,-0.13351,2.74596
1695902513.88976,0.99851,-0.02595,-0.04798,0.02140,0.99545,-0.09289,0.05017,0.09173,0.99452,-0.07849,-0.13584,2.70811
1695902514.01788,0.99419,-0.03305,-0.10247,0.01835,0.98981,-0.14121,0.10610,0.13851,0.98466,-0.10107,-0.12450,2.69101
1695902514.15994,0.98288,-0.01096,-0.18390,0.01839,0.99908,0.03875,0.18330,-0.04147,0.98218,-0.12496,-0.11455,2.65320
1695902514.30396,0.97638,-0.02576,-0.21450,0.01616,0.99879,-0.04636,0.21544,0.04180,0.97562,-0.14931,-0.10079,2.63590
1695902514.44327,0.97775,-0.01160,-0.20947,0.02735,0.99700,0.07245,0.20800,-0.07657,0.97513,-0.17377,-0.10535,2.61171
1695902514.59091,0.97772,-0.02264,-0.20868,0.02405,0.99970,0.00423,0.20852,-0.00915,0.97798,-0.18751,-0.11510,2.59402
1695902514.73389,0.97215,0.00541,-0.23431,0.02290,0.99276,0.11792,0.23325,-0.12000,0.96498,-0.21650,-0.11222,2.54789
1695902514.88928,0.96521,-0.01235,-0.26120,0.02041,0.99940,0.02815,0.26069,-0.03250,0.96488,-0.23387,-0.11668,2.52700
1695902515.03880,0.99914,-0.03452,-0.02297,0.03132,0.99137,-0.12733,0.02717,0.12650,0.99159,-0.25413,-0.11792,2.52477
1695902515.18168,0.99608,-0.02669,-0.08435,0.02765,0.99957,0.01021,0.08404,-0.01250,0.99638,-0.28348,-0.13420,2.48604
1695902515.33279,0.96017,-0.00422,-0.27939,0.02648,0.99676,0.07596,0.27816,-0.08033,0.95717,-0.30020,-0.13315,2.45322
1695902515.47558,0.99391,-0.03268,-0.10527,0.02612,0.99767,-0.06305,0.10709,0.05992,0.99244,-0.32509,-0.15125,2.42981
1695902515.61863,0.99923,-0.03779,0.01059,0.03865,0.99432,-0.09915,-0.00678,0.09948,0.99502,-0.34350,-0.15549,2.39384
1695902515.77060,0.95846,0.00871,-0.28511,0.02114,0.99462,0.10145,0.28445,-0.10326,0.95311,-0.36436,-0.14572,2.35038
1695902515.90186,0.99167,-0.00453,-0.12873,0.02090,0.99180,0.12610,0.12710,-0.12774,0.98363,-0.38027,-0.13684,2.32533
1695902516.03132,0.96516,-0.00021,-0.26165,0.02851,0.99413,0.10436,0.26009,-0.10819,0.95950,-0.39949,-0.12994,2.30680
1695902516.18206,0.96441,0.00713,-0.26430,0.03342,0.98833,0.14862,0.26228,-0.15216,0.95292,-0.41839,-0.14263,2.25700
1695902516.33521,0.97342,0.00169,-0.22900,0.03029,0.99024,0.13606,0.22700,-0.13938,0.96387,-0.43517,-0.13833,2.25079
1695902516.48551,0.94525,-0.00428,-0.32632,0.03071,0.99665,0.07586,0.32490,-0.08173,0.94221,-0.44037,-0.14498,2.21963
1695902516.63638,0.97508,0.00159,-0.22185,0.02492,0.99286,0.11663,0.22045,-0.11926,0.96808,-0.45812,-0.14782,2.19444
1695902516.79108,0.95400,-0.02062,-0.29909,0.02961,0.99923,0.02556,0.29833,-0.03324,0.95388,-0.47938,-0.15819,2.17474
1695902516.94186,0.96184,0.01147,-0.27338,0.02882,0.98932,0.14289,0.27210,-0.14531,0.95123,-0.49313,-0.16436,2.12184
1695902517.07831,0.94253,0.00404,-0.33409,0.02118,0.99719,0.07179,0.33344,-0.07474,0.93980,-0.50937,-0.17028,2.09941
1695902517.22761,0.93882,0.01666,-0.34399,0.03132,0.99056,0.13346,0.34297,-0.13607,0.92944,-0.52382,-0.15962,2.06514
1695902517.35823,0.95293,0.00000,-0.30319,0.02549,0.99646,0.08014,0.30212,-0.08410,0.94955,-0.54739,-0.15371,2.05598
1695902517.79368,0.99899,-0.01308,0.04308,0.01468,0.99920,-0.03722,-0.04256,0.03782,0.99838,0.05729,-0.11174,2.08524
1695902517.90845,0.99493,-0.00344,0.10052,0.00480,0.99990,-0.01329,-0.10046,0.01371,0.99485,0.08339,-0.11195,2.06373
1695902518.05453,0.99810,-0.01250,0.06039,0.00563,0.99362,0.11262,-0.06141,-0.11206,0.99180,0.12238,-0.12065,2.02460
1695902518.19161,0.99943,-0.01159,0.03160,0.00992,0.99857,0.05244,-0.03216,-0.05210,0.99812,0.14541,-0.13919,2.01165
1695902518.32049,0.98552,-0.00603,0.16946,0.00560,0.99998,0.00305,-0.16948,-0.00205,0.98553,0.17772,-0.14852,1.99001
1695902518.45045,0.99994,-0.00331,-0.01072,0.00395,0.99820,0.05986,0.01050,-0.05990,0.99815,0.19747,-0.14256,1.96742
1695902518.58768,0.98154,-0.01561,0.19060,0.00852,0.99924,0.03797,-0.19105,-0.03565,0.98093,0.21591,-0.14607,1.94440
1695902518.73804,0.99775,-0.00448,0.06697,0.00281,0.99968,0.02511,-0.06706,-0.02486,0.99744,0.24177,-0.14318,1.93385
1695902518.88991,0.99359,-0.01582,0.11189,0.00417,0.99460,0.10368,-0.11292,-0.10255,0.98830,0.27905,-0.15144,1.88752
1695902519.01711,0.97398,-0.02245,0.22551,0.00632,0.99738,0.07201,-0.22654,-0.06871,0.97158,0.31318,-0.14718,1.85235
1695902519.16260,0.99206,-0.02544,0.12313,0.01189,0.99391,0.10957,-0.12516,-0.10724,0.98632,0.33349,-0.16236,1.82310
1695902519.31128,0.98834,-0.02824,0.14961,0.01207,0.99408,0.10793,-0.15177,-0.10487,0.98284,0.36366,-0.15599,1.79799
1695902519.44746,0.95374,-0.02986,0.29914,0.00651,0.99687,0.07877,-0.30056,-0.07318,0.95095,0.40421,-0.15578,1.76265
1695902519.60629,0.98228,-0.03464,0.18421,0.00625,0.98828,0.15253,-0.18734,-0.14868,0.97098,0.42886,-0.15159,1.73327
1695902519.75897,0.97295,-0.03204,0.22877,0.00459,0.99282,0.11950,-0.23095,-0.11522,0.96612,0.46328,-0.15409,1.70521
1695902519.88643,0.95575,-0.02810,0.29285,0.01336,0.99855,0.05220,-0.29389,-0.04597,0.95473,0.44559,-0.15343,1.70908
1695902520.02672,0.98509,-0.03272,0.16892,0.01248,0.99276,0.11951,-0.17160,-0.11561,0.97836,0.33049,-0.15101,1.70478
1695902520.16767,0.99846,-0.00589,0.05514,0.00420,0.99952,0.03076,-0.05530,-0.03048,0.99800,0.23071,-0.15987,1.71441
1695902520.29435,0.99904,-0.01799,0.04004,0.01413,0.99542,0.09455,-0.04155,-0.09389,0.99472,0.12175,-0.17192,1.71367
1695902520.43232,0.99440,-0.00974,-0.10526,0.01685,0.99761,0.06694,0.10435,-0.06834,0.99219,0.04016,-0.18081,1.69371
1695902520.57048,0.95071,-0.08680,-0.29769,-0.01049,0.95047,-0.31063,0.30991,0.29844,0.90271,-0.08304,-0.18328,1.66362
1695902520.70542,0.98116,-0.00543,-0.19313,0.01736,0.99804,0.06015,0.19242,-0.06237,0.97933,-0.14264,-0.17172,1.64090
1695902520.84725,0.98954,-0.01576,-0.14341,0.01743,0.99979,0.01039,0.14322,-0.01278,0.98961,-0.16388,-0.17777,1.62055
1695902520.99490,0.98662,-0.00876,-0.16282,0.01356,0.99950,0.02839,0.16249,-0.03022,0.98625,-0.18189,-0.16602,1.60052
1695902521.13589,0.98077,-0.00179,-0.19517,0.01884,0.99616,0.08554,0.19427,-0.08757,0.97703,-0.19451,-0.16027,1.56608
1695902521.28215,0.97280,0.00497,-0.23160,0.01829,0.99500,0.09816,0.23093,-0.09972,0.96785,-0.21213,-0.15076,1.54332
1695902521.43329,0.97488,0.00876,-0.22254,0.01979,0.99187,0.12573,0.22183,-0.12698,0.96678,-0.22738,-0.15241,1.51857
1695902521.56479,0.96954,-0.01429,-0.24451,0.01765,0.99978,0.01154,0.24429,-0.01551,0.96958,-0.23898,-0.15679,1.50445
1695902521.70222,0.96656,-0.00151,-0.25643,0.02440,0.99599,0.08608,0.25527,-0.08945,0.96272,-0.25512,-0.15527,1.47197
1695902521.85507,0.96943,-0.01079,-0.24514,0.02809,0.99735,0.06715,0.24377,-0.07198,0.96716,-0.27340,-0.15780,1.44459
1695902522.00535,0.96330,-0.00389,-0.26839,0.02991,0.99522,0.09295,0.26674,-0.09757,0.95882,-0.28163,-0.17112,1.41802
1695902522.15767,0.96633,0.00140,-0.25731,0.02678,0.99401,0.10599,0.25592,-0.10931,0.96050,-0.28442,-0.17512,1.39292
1695902522.29897,0.94933,-0.00642,-0.31421,0.02545,0.99808,0.05650,0.31325,-0.06164,0.94767,-0.28991,-0.18351,1.37044
1695902522.44974,0.96165,0.00048,-0.27427,0.02833,0.99448,0.10105,0.27280,-0.10494,0.95633,-0.29384,-0.18613,1.34143
1695902522.59436,0.95671,-0.00560,-0.29100,0.03093,0.99611,0.08250,0.28940,-0.08793,0.95316,-0.30948,-0.18896,1.31372
1695902522.75045,0.96312,-0.01620,-0.26857,0.01586,0.99987,-0.00346,0.26859,-0.00092,0.96325,-0.30996,-0.19174,1.30021
1695902522.90165,0.95861,0.00169,-0.28472,0.02302,0.99625,0.08343,0.28379,-0.08653,0.95497,-0.31332,-0.18493,1.27029
1695902523.03591,0.96110,-0.00331,-0.27617,0.02552,0.99671,0.07689,0.27501,-0.08095,0.95803,-0.31798,-0.18038,1.24666
1695902523.18121,0.95903,0.02199,-0.28244,0.00698,0.99484,0.10117,0.28321,-0.09899,0.95394,-0.31756,-0.17409,1.22163
1695902523.32319,0.96299,0.01591,-0.26907,0.01884,0.99184,0.12605,0.26888,-0.12645,0.95484,-0.32039,-0.17545,1.20227
1695902523.46890,0.96379,0.01094,-0.26643,0.02073,0.99306,0.11577,0.26584,-0.11710,0.95688,-0.32417,-0.18815,1.17548
1695902523.61905,0.96098,-0.00245,-0.27661,0.01894,0.99820,0.05697,0.27597,-0.05999,0.95929,-0.33292,-0.19939,1.14575
1695902523.77531,0.95125,0.00722,-0.30833,0.01253,0.99799,0.06205,0.30816,-0.06289,0.94925,-0.33725,-0.19992,1.12377
1695902523.91842,0.95566,-0.00333,-0.29446,0.01781,0.99876,0.04652,0.29394,-0.04971,0.95453,-0.34352,-0.19833,1.10015
1695902524.06077,0.95798,0.00380,-0.28680,0.00882,0.99905,0.04270,0.28669,-0.04343,0.95704,-0.33781,-0.19869,1.08703
1695902524.21068,0.95884,-0.00331,-0.28391,0.01234,0.99947,0.03004,0.28366,-0.03231,0.95838,-0.34017,-0.20451,1.06136
1695902524.35751,0.96248,-0.00715,-0.27126,0.01987,0.99883,0.04417,0.27063,-0.04790,0.96149,-0.34838,-0.19879,1.03650
1695902524.49622,0.95924,-0.00503,-0.28256,0.01724,0.99902,0.04075,0.28208,-0.04396,0.95838,-0.35538,-0.18911,1.01216
1695902524.62296,0.96033,-0.00138,-0.27885,0.00223,0.99999,0.00272,0.27884,-0.00324,0.96033,-0.30765,-0.18215,1.02051
1695902524.76303,0.95678,0.02534,-0.28970,-0.01513,0.99919,0.03740,0.29041,-0.03140,0.95639,-0.22639,-0.18060,1.02472
1695902524.90043,0.99322,-0.00368,-0.11616,-0.00807,0.99490,-0.10056,0.11594,0.10082,0.98813,-0.13266,-0.18004,1.03706
1695902525.04112,0.99881,0.01587,-0.04604,-0.01588,0.99987,0.00008,0.04604,0.00065,0.99894,-0.03198,-0.17685,1.01976
1695902525.18002,0.99632,0.02171,0.08296,-0.02017,0.99961,-0.01944,-0.08335,0.01769,0.99636,0.05188,-0.17517,1.01138
1695902525.31229,0.99379,0.04132,0.10327,-0.04153,0.99914,-0.00014,-0.10319,-0.00415,0.99465,0.15187,-0.17654,0.97061
1695902525.44638,0.97579,0.02035,0.21775,-0.02943,0.99882,0.03854,-0.21671,-0.04401,0.97524,0.22451,-0.18075,0.93016
1695902525.56973,0.96714,0.03727,0.25148,-0.04206,0.99902,0.01371,-0.25073,-0.02383,0.96776,0.31942,-0.18041,0.89340
