1696052528.97430,0.99739,-0.04115,0.05927,0.04108,0.99915,0.00236,-0.05931,0.00008,0.99824,-0.50704,-0.06278,5.36562
1696052529.07989,0.97865,-0.05685,0.19752,0.03538,0.99324,0.11057,-0.20247,-0.10122,0.97404,-0.47075,-0.05691,5.23799
1696052529.61195,0.94751,-0.04623,-0.31636,0.02089,0.99633,-0.08305,0.31904,0.07208,0.94500,-0.38729,-0.00406,5.19720
1696052530.33093,0.94853,-0.04936,-0.31282,-0.03588,0.96466,-0.26103,0.31465,0.25882,0.91324,-0.25832,-0.05500,5.01687
1696052531.34390,0.99463,-0.04924,-0.09104,0.03440,0.98685,-0.15792,0.09762,0.15394,0.98325,-0.10544,-0.04005,4.96797
1696052531.42755,0.99516,-0.02950,0.09370,0.03028,0.99952,-0.00697,-0.09345,0.00977,0.99558,-0.09907,-0.06223,4.94935
1696052531.87686,0.99940,-0.03156,-0.01403,0.03153,0.99950,-0.00284,0.01411,0.00239,0.99990,-0.06239,-0.04542,4.89574
1696052532.08028,0.98438,-0.01721,0.17524,0.03303,0.99560,-0.08774,-0.17296,0.09216,0.98061,-0.03460,-0.06300,4.79494
1696052532.45501,0.98057,-0.01091,-0.19586,0.04628,0.98314,0.17692,0.19062,-0.18254,0.96454,0.01366,-0.08972,4.65694
1696052532.65310,0.99961,-0.02703,-0.00717,0.02672,0.99887,-0.03931,0.00822,0.03910,0.99920,0.02884,-0.17214,4.72104
1696052532.75905,0.97985,-0.05351,-0.19244,0.04304,0.99738,-0.05819,0.19505,0.04874,0.97958,0.00422,-0.13674,4.67704
1696052533.00412,0.97400,-0.00684,-0.22643,0.03457,0.99233,0.11871,0.22388,-0.12345,0.96677,0.04343,-0.16252,4.54278
1696052533.63279,0.98059,-0.00881,-0.19585,0.02044,0.99814,0.05746,0.19498,-0.06035,0.97895,0.10227,-0.14436,4.46400
1696052534.67370,0.80266,0.05158,-0.59421,0.04837,0.98734,0.15105,0.59448,-0.14999,0.79000,-1.69773,-0.11103,3.90883
1696052534.82862,0.98121,-0.05387,-0.18527,0.05198,0.99853,-0.01506,0.18581,0.00515,0.98257,-1.82541,-0.11169,3.82267
1696052534.93329,0.92581,-0.06020,-0.37315,0.05072,0.99809,-0.03520,0.37456,0.01366,0.92710,-1.88548,-0.12089,3.82634
1696052535.48662,0.95941,-0.02493,0.28090,-0.00933,0.99273,0.11997,-0.28185,-0.11773,0.95221,0.27442,-0.10891,4.19204
1696052535.90347,0.93186,0.03498,0.36113,0.02886,0.98504,-0.16987,-0.36167,0.16872,0.91691,0.47548,-0.07532,3.98399
1696052535.97930,0.94330,0.02484,0.33100,0.02630,0.98847,-0.14912,-0.33088,0.14937,0.93177,0.56226,-0.07707,4.00741
1696052536.11887,0.95299,0.01790,0.30246,0.04458,0.97910,-0.19843,-0.29970,0.20258,0.93228,0.60934,-0.12322,3.95728
1696052536.25260,0.99695,-0.02262,-0.07474,0.03044,0.99398,0.10520,0.07191,-0.10716,0.99164,0.65205,-0.10661,3.90143
1696052536.47208,0.98293,-0.02057,-0.18283,0.04422,0.99101,0.12627,0.17859,-0.13220,0.97500,0.16152,-0.08384,3.97283
1696052536.68905,0.99963,-0.02373,0.01361,0.02379,0.99971,-0.00456,-0.01350,0.00488,0.99990,0.10069,-0.08486,4.01411
1696052536.79017,0.97786,0.00074,0.20924,0.03937,0.98149,-0.18745,-0.20551,0.19153,0.95973,0.06865,-0.08558,3.94838
1696052536.93191,0.97492,-0.01960,-0.22167,0.04189,0.99447,0.09630,0.21856,-0.10317,0.97036,0.00419,-0.12034,3.90186
1696052537.07700,0.97482,-0.02519,0.22158,0.04817,0.99393,-0.09893,-0.21775,0.10711,0.97011,-0.03156,-0.11470,3.88178
1696052537.20410,0.99405,-0.02218,0.10662,0.04022,0.98460,-0.17012,-0.10120,0.17340,0.97964,-0.07688,-0.09563,3.89727
1696052537.35674,0.98670,-0.02182,0.16106,0.04042,0.99276,-0.11308,-0.15742,0.11809,0.98044,-0.11238,-0.12617,3.86013
1696052537.50345,0.98074,-0.02420,0.19382,0.05622,0.98528,-0.16147,-0.18705,0.16926,0.96766,-0.17129,-0.10129,3.78946
1696052537.63093,0.99949,-0.03173,0.00435,0.03152,0.99867,0.04092,-0.00565,-0.04076,0.99915,-0.22779,-0.12769,3.83170
1696052537.75789,0.99119,-0.05559,-0.12023,0.04655,0.99597,-0.07671,0.12401,0.07044,0.98978,-0.29420,-0.10356,3.84365
1696052537.90754,0.95412,-0.00235,-0.29942,0.04217,0.99105,0.12662,0.29644,-0.13344,0.94568,-0.35503,-0.10589,3.71571
1696052538.04228,0.99543,-0.04811,-0.08255,0.04355,0.99747,-0.05613,0.08504,0.05227,0.99501,-0.41472,-0.11410,3.77215
1696052538.19909,0.94349,-0.01357,-0.33113,0.03891,0.99679,0.07001,0.32911,-0.07894,0.94099,-0.48978,-0.12186,3.63744
1696052538.33191,0.97518,-0.04339,-0.21714,0.03144,0.99781,-0.05819,0.21919,0.04992,0.97440,-0.54344,-0.12231,3.65903
1696052538.47905,0.99882,-0.04775,0.00833,0.04843,0.98991,-0.13317,-0.00189,0.13342,0.99106,-0.59349,-0.11802,3.58895
1696052538.61899,0.98754,-0.02897,-0.15471,0.02286,0.99889,-0.04113,0.15573,0.03708,0.98710,-0.64327,-0.11886,3.58173
1696052538.71859,0.99515,-0.05984,-0.07804,0.04117,0.97418,-0.22200,0.08931,0.21771,0.97192,-0.68402,-0.11916,3.53024
1696052538.87080,0.95351,-0.00097,-0.30135,0.04869,0.98735,0.15089,0.29739,-0.15855,0.94150,-0.76292,-0.12706,3.45740
1696052539.00413,0.96864,-0.00705,-0.24836,0.03725,0.99242,0.11711,0.24565,-0.12269,0.96156,-0.80086,-0.14012,3.43461
1696052539.14620,0.91955,-0.02277,-0.39232,0.03395,0.99919,0.02157,0.39151,-0.03315,0.91958,-0.85926,-0.12697,3.39283
1696052539.28430,0.99488,-0.04348,-0.09121,0.03724,0.99692,-0.06902,0.09393,0.06527,0.99344,-0.89360,-0.12415,3.35523
1696052539.42753,0.99577,-0.06333,-0.06653,0.05512,0.99139,-0.11875,0.07348,0.11458,0.99069,-0.94288,-0.12556,3.29500
1696052539.58055,0.97025,-0.03971,-0.23882,0.04405,0.99895,0.01287,0.23805,-0.02301,0.97098,-0.98038,-0.13911,3.28717
1696052539.73284,0.93612,-0.02246,-0.35095,0.03329,0.99914,0.02486,0.35009,-0.03495,0.93606,-1.04209,-0.15612,3.26450
1696052539.87676,0.96335,0.01640,-0.26773,0.02531,0.98812,0.15161,0.26704,-0.15283,0.95149,-1.05223,-0.13741,3.18447
1696052540.00825,0.94140,-0.03534,-0.33542,0.02879,0.99929,-0.02448,0.33605,0.01339,0.94175,-1.10624,-0.15167,3.19234
1696052540.16110,0.94258,-0.02339,-0.33315,0.02173,0.99973,-0.00871,0.33327,0.00097,0.94283,-1.13312,-0.15068,3.16343
1696052540.22799,0.90397,-0.02804,-0.42669,0.02707,0.99960,-0.00834,0.42675,-0.00401,0.90436,-1.19905,-0.16666,3.08581
1696052540.58119,0.97481,-0.00257,-0.22301,0.02497,0.99490,0.09772,0.22163,-0.10083,0.96991,-0.17747,-0.14160,3.26108
1696052540.68965,0.99974,-0.02239,0.00368,0.02247,0.99945,-0.02434,-0.00313,0.02442,0.99970,-0.14102,-0.13845,3.27154
1696052540.83477,0.97838,-0.01485,0.20627,0.04684,0.98741,-0.15107,-0.20143,0.15746,0.96676,-0.08643,-0.13544,3.18265
1696052540.97080,0.97989,0.00322,-0.19951,0.00847,0.99830,0.05773,0.19936,-0.05826,0.97819,-0.03320,-0.13343,3.21241
1696052541.09949,0.97455,-0.00070,-0.22419,0.02475,0.99422,0.10449,0.22282,-0.10738,0.96893,-0.00464,-0.13892,3.15664
1696052541.22165,0.98633,-0.00020,-0.16476,0.01659,0.99504,0.09809,0.16392,-0.09948,0.98144,0.03636,-0.13875,3.14664
1696052541.37930,0.99914,-0.01531,0.03843,0.01690,0.99901,-0.04124,-0.03776,0.04185,0.99841,0.05241,-0.12598,3.17420
1696052541.51956,0.99971,-0.02177,0.00994,0.02203,0.99939,-0.02705,-0.00934,0.02726,0.99958,0.07636,-0.13430,3.17041
1696052541.65329,0.99761,-0.01950,0.06626,0.01933,0.99981,0.00320,-0.06631,-0.00191,0.99780,0.11268,-0.14159,3.10345
1696052541.79704,0.99984,-0.01110,-0.01420,0.01116,0.99993,0.00404,0.01415,-0.00420,0.99989,0.14756,-0.15075,3.08223
1696052542.00926,0.99882,-0.02361,0.04239,0.01754,0.99023,0.13831,-0.04524,-0.13741,0.98948,0.21002,-0.13809,3.02214
1696052542.11274,0.99593,-0.01573,0.08871,0.01881,0.99924,-0.03406,-0.08811,0.03559,0.99547,0.24531,-0.14195,3.00405
1696052542.25120,0.97037,-0.00919,0.24146,0.01564,0.99957,-0.02481,-0.24113,0.02786,0.97009,0.28094,-0.14471,2.97416
1696052542.38926,0.97772,0.02249,0.20871,0.02123,0.97856,-0.20488,-0.20884,0.20474,0.95628,0.31151,-0.14680,2.91662
1696052542.50387,0.98432,0.00857,0.17620,0.01284,0.99269,-0.12002,-0.17594,0.12040,0.97701,0.33372,-0.15450,2.89676
1696052542.56524,0.96240,0.01461,0.27126,0.02971,0.98690,-0.15857,-0.27002,0.16067,0.94935,0.35896,-0.14978,2.85245
1696052542.71000,0.96491,-0.03384,0.26039,0.00519,0.99392,0.10994,-0.26253,-0.10473,0.95922,0.38701,-0.13712,2.83555
1696052542.85129,0.98199,-0.00217,0.18892,0.01308,0.99832,-0.05651,-0.18848,0.05796,0.98037,0.43677,-0.13984,2.82646
1696052542.98405,0.99590,-0.01645,0.08896,0.01093,0.99801,0.06215,-0.08980,-0.06092,0.99409,0.46774,-0.15030,2.79621
1696052543.11940,0.98460,-0.02914,0.17240,0.00799,0.99248,0.12213,-0.17467,-0.11887,0.97743,0.49166,-0.16219,2.74506
1696052543.25463,0.99508,-0.01473,0.09802,0.00726,0.99707,0.07618,-0.09885,-0.07509,0.99226,0.51330,-0.17222,2.71159
1696052543.38121,0.96499,-0.04855,0.25775,0.01061,0.98914,0.14661,-0.26207,-0.13874,0.95503,0.53616,-0.14350,2.67776
1696052543.53161,0.92204,0.00974,0.38696,0.02456,0.99620,-0.08359,-0.38630,0.08658,0.91830,0.56230,-0.15245,2.66349
1696052543.67784,0.96442,-0.03591,0.26193,0.00858,0.99446,0.10476,-0.26424,-0.09879,0.95938,0.60341,-0.16584,2.61707
1696052543.80071,0.98115,0.02072,0.19215,0.00892,0.98832,-0.15210,-0.19306,0.15095,0.96951,0.59882,-0.15301,2.62634
1696052543.94900,0.99130,-0.02504,0.12924,0.01342,0.99585,0.09003,-0.13096,-0.08751,0.98752,0.62414,-0.14847,2.56386
1696052544.07837,0.97584,-0.00872,0.21833,0.01020,0.99993,-0.00568,-0.21827,0.00777,0.97586,0.65247,-0.14749,2.54329
1696052544.21586,0.96305,0.01570,0.26887,0.01243,0.99465,-0.10258,-0.26904,0.10213,0.95770,0.68198,-0.12605,2.52947
1696052544.34377,0.96845,-0.03537,0.24669,0.01202,0.99535,0.09553,-0.24893,-0.08955,0.96437,0.71777,-0.12629,2.47712
1696052544.44190,0.95896,0.04637,0.27972,-0.00454,0.98892,-0.14837,-0.28350,0.14101,0.94855,0.75306,-0.11564,2.46443
1696052544.52271,0.97074,-0.01113,0.23988,0.00515,0.99966,0.02552,-0.24008,-0.02354,0.97047,0.77849,-0.10359,2.43218
1696052544.61711,0.93482,-0.00934,0.35499,0.00086,0.99971,0.02403,-0.35511,-0.02216,0.93456,0.82011,-0.12322,2.39306
1696052544.72208,0.92089,-0.00322,0.38981,0.00848,0.99989,-0.01179,-0.38974,0.01417,0.92082,0.84642,-0.13159,2.36686
1696052544.86901,0.90013,0.06787,0.43031,0.01391,0.98281,-0.18410,-0.43541,0.17170,0.88371,0.86474,-0.14872,2.32256
1696052545.00496,0.97894,-0.02279,0.20287,0.00577,0.99644,0.08412,-0.20407,-0.08118,0.97559,0.87403,-0.15259,2.26778
1696052545.12273,0.92690,-0.04316,0.37281,0.00468,0.99462,0.10349,-0.37527,-0.09418,0.92212,0.88879,-0.14291,2.25866
1696052545.26173,0.89076,0.05350,0.45131,0.01002,0.99049,-0.13720,-0.45436,0.12674,0.88176,0.90929,-0.14245,2.24598
1696052545.38961,0.83827,0.01735,0.54497,0.01321,0.99855,-0.05211,-0.54509,0.05088,0.83683,0.91873,-0.14560,2.20774
1696052545.52081,0.93907,-0.04302,0.34104,0.00533,0.99384,0.11068,-0.34370,-0.10212,0.93351,0.94115,-0.15071,2.18940
1696052545.65030,0.91822,-0.03874,0.39418,0.00508,0.99628,0.08607,-0.39604,-0.07703,0.91500,0.96940,-0.14596,2.16919
1696052545.79673,0.95729,-0.01727,0.28863,0.00147,0.99849,0.05485,-0.28914,-0.05208,0.95587,0.98584,-0.13572,2.12459
1696052545.93001,0.95651,-0.00480,0.29164,-0.00193,0.99974,0.02277,-0.29168,-0.02234,0.95626,1.01140,-0.12773,2.10428
1696052546.06847,0.88725,0.02340,0.46070,-0.00168,0.99887,-0.04750,-0.46129,0.04137,0.88629,1.03030,-0.13739,2.07694
1696052590.93584,0.73603,-0.06327,-0.67398,0.04764,0.99800,-0.04167,0.67527,-0.00144,0.73757,-2.29231,-0.07118,4.56296
1696052591.32770,0.83314,0.00677,-0.55302,0.05897,0.99314,0.10100,0.54991,-0.11676,0.82702,-2.28857,-0.10341,4.62481
1696052591.43767,0.97430,-0.07951,-0.21074,0.05574,0.99163,-0.11642,0.21823,0.10168,0.97059,-2.23815,-0.13591,4.53443
1696052591.58174,0.75553,-0.12371,-0.64333,0.04012,0.98890,-0.14306,0.65388,0.08228,0.75211,-2.24041,-0.12020,4.53129
1696052591.72736,0.98282,-0.06467,-0.17286,0.05893,0.99753,-0.03814,0.17490,0.02730,0.98421,-2.22978,-0.10172,4.50570
1696052591.88347,0.98072,-0.07173,-0.18177,0.04804,0.99015,-0.13152,0.18941,0.12025,0.97451,-2.16268,-0.08490,4.45385
1696052592.02006,0.95069,-0.09226,-0.29611,0.07886,0.99526,-0.05690,0.29995,0.03074,0.95346,-2.17878,-0.09614,4.50226
1696052592.34367,0.79569,-0.02412,-0.60522,0.06465,0.99688,0.04528,0.60224,-0.07516,0.79477,-2.11838,-0.06280,4.46583
1696052592.43304,0.89582,-0.02220,-0.44387,0.02872,0.99956,0.00797,0.44350,-0.01989,0.89606,-2.08245,-0.07173,4.45510
1696052592.56903,0.98105,-0.07447,-0.17887,0.06181,0.99524,-0.07532,0.18363,0.06284,0.98099,-2.03891,-0.06773,4.41305
1696052592.70819,0.76507,0.00724,-0.64390,0.03833,0.99765,0.05676,0.64280,-0.06810,0.76300,-2.00890,-0.08301,4.36802
1696052594.36888,0.96069,-0.05469,0.27218,0.04370,0.99797,0.04627,-0.27416,-0.03255,0.96113,0.53047,-0.20262,4.54790
1696052594.57762,0.95975,0.00037,0.28087,0.02848,0.99472,-0.09863,-0.27942,0.10266,0.95466,0.61739,-0.16140,4.48416
1696052594.66308,0.99776,-0.02231,-0.06304,0.01895,0.99840,-0.05330,0.06413,0.05199,0.99659,0.65822,-0.14302,4.43927
1696052594.77030,0.88390,-0.08221,0.46040,0.03997,0.99411,0.10077,-0.46597,-0.07067,0.88197,0.67950,-0.13669,4.37675
1696052594.92832,0.92051,-0.04937,0.38758,0.04301,0.99876,0.02508,-0.38834,-0.00642,0.92149,0.70848,-0.13955,4.38041
1696052595.14101,0.98319,-0.01844,0.18165,0.01510,0.99969,0.01980,-0.18196,-0.01673,0.98316,0.78882,-0.15771,4.37062
1696052595.24587,0.97074,-0.02474,0.23884,0.03194,0.99914,-0.02635,-0.23798,0.03321,0.97070,0.82037,-0.11616,4.36677
1696052595.57014,0.97617,-0.03098,0.21481,0.03963,0.99856,-0.03609,-0.21338,0.04374,0.97599,0.93591,-0.03195,4.29682
1696052595.66879,0.97615,-0.05307,0.21053,0.01007,0.97969,0.20029,-0.21688,-0.19339,0.95685,0.94926,-0.06857,4.19391
1696052595.81451,0.98103,-0.02590,0.19210,0.02307,0.99959,0.01694,-0.19246,-0.01218,0.98123,0.95750,-0.07787,4.19398
1696052595.96271,0.89684,-0.00080,0.44235,0.04303,0.99541,-0.08545,-0.44025,0.09567,0.89276,0.97749,-0.07739,4.13023
1696052596.10950,0.97808,-0.02007,0.20726,0.03103,0.99828,-0.04976,-0.20591,0.05510,0.97702,1.02087,-0.05822,4.19349
1696052596.25185,0.99860,-0.03578,0.03900,0.03105,0.99277,0.11594,-0.04287,-0.11457,0.99249,1.02114,-0.05915,4.06542
1696052596.39924,0.92976,0.01276,0.36796,0.03114,0.99309,-0.11313,-0.36686,0.11664,0.92294,1.05557,-0.08325,4.08354
1696052596.53455,0.97432,0.00766,0.22506,0.00722,0.99784,-0.06525,-0.22507,0.06520,0.97216,1.09219,-0.07590,4.06674
1696052596.67743,0.98691,-0.05448,0.15180,0.02627,0.98295,0.18200,-0.15913,-0.17563,0.97151,1.09313,-0.07862,3.97140
1696052596.80590,0.98530,-0.05678,0.16114,0.02449,0.98036,0.19568,-0.16909,-0.18885,0.96734,1.12041,-0.05325,3.95240
1696052596.88077,0.99698,-0.00357,0.07760,0.00260,0.99992,0.01264,-0.07763,-0.01240,0.99690,1.16516,-0.05750,3.90976
1696052597.03197,0.97632,0.02976,0.21425,0.00966,0.98350,-0.18064,-0.21609,0.17843,0.95993,1.19702,-0.05570,3.91746
1696052597.16921,0.95948,-0.01500,0.28137,0.01072,0.99980,0.01676,-0.28157,-0.01307,0.95945,1.22677,-0.06707,3.90414
1696052597.30388,0.98693,-0.02397,0.15935,0.01147,0.99682,0.07888,-0.16074,-0.07602,0.98407,1.25004,-0.05680,3.85441
1696052597.72824,0.98126,-0.00577,-0.19259,0.03428,0.98883,0.14502,0.18961,-0.14891,0.97050,0.11093,-0.08164,3.97005
1696052597.83102,0.99703,-0.01558,-0.07545,0.01234,0.99899,-0.04326,0.07605,0.04220,0.99621,0.06794,-0.08242,4.00582
1696052598.04512,0.97038,-0.03706,0.23870,0.04104,0.99909,-0.01171,-0.23805,0.02116,0.97102,-0.00328,-0.09515,3.92711
1696052598.14747,0.97446,-0.01678,0.22392,0.02390,0.99929,-0.02911,-0.22327,0.03372,0.97417,-0.02484,-0.09317,3.88174
1696052598.28235,0.99910,-0.03631,0.02211,0.03755,0.99757,-0.05867,-0.01992,0.05945,0.99803,-0.05615,-0.07962,3.91999
1696052598.42173,0.97166,-0.00706,-0.23629,0.02994,0.99518,0.09337,0.23450,-0.09780,0.96719,-0.09836,-0.08878,3.85679
1696052598.56372,0.96444,-0.00997,-0.26411,0.04299,0.99190,0.11953,0.26078,-0.12664,0.95706,-0.11226,-0.10313,3.79743
1696052598.71226,0.99235,-0.02332,0.12125,0.04153,0.98782,-0.14996,-0.11628,0.15385,0.98123,-0.14814,-0.12365,3.85748
1696052598.86384,0.99816,-0.01975,-0.05735,0.01971,0.99980,-0.00129,0.05736,0.00016,0.99835,-0.18469,-0.10557,3.83991
1696052598.94031,0.98919,-0.01664,0.14571,0.03645,0.99026,-0.13434,-0.14206,0.13820,0.98016,-0.20894,-0.09633,3.79282
1696052599.08884,0.99772,-0.03083,-0.06000,0.02766,0.99822,-0.05290,0.06152,0.05112,0.99680,-0.24475,-0.11144,3.82118
1696052599.23280,0.99899,-0.02225,0.03904,0.02539,0.99632,-0.08190,-0.03708,0.08281,0.99588,-0.28076,-0.09400,3.76583
1696052599.38197,0.99258,-0.03647,0.11602,0.05133,0.99047,-0.12782,-0.11026,0.13282,0.98499,-0.31699,-0.12106,3.67316
1696052599.53031,0.99521,-0.03250,-0.09221,0.03193,0.99946,-0.00772,0.09242,0.00474,0.99571,-0.35589,-0.10443,3.70497
1696052599.68299,0.95437,-0.00730,-0.29853,0.04441,0.99205,0.11773,0.29530,-0.12561,0.94711,-0.36756,-0.12627,3.60665
1696052599.82874,0.99924,-0.03892,0.00049,0.03866,0.99093,-0.12868,0.00452,0.12860,0.99169,-0.38498,-0.12392,3.62743
1696052599.96953,0.94224,0.00228,-0.33493,0.02885,0.99571,0.08795,0.33369,-0.09253,0.93813,-0.40781,-0.10479,3.56882
1696052600.11695,0.94861,0.00518,-0.31641,0.03080,0.99361,0.10861,0.31495,-0.11277,0.94239,-0.41673,-0.09012,3.54610
1696052600.25767,0.99166,-0.02836,-0.12568,0.02775,0.99959,-0.00663,0.12582,0.00309,0.99205,-0.45523,-0.09422,3.56080
1696052600.33213,0.99894,-0.04605,-0.00090,0.04508,0.98145,-0.18633,0.00946,0.18609,0.98249,-0.48117,-0.10391,3.48122
1696052600.47990,0.95335,-0.00627,-0.30180,0.04680,0.99076,0.12727,0.29821,-0.13546,0.94484,-0.50293,-0.12043,3.44995
1696052600.63200,0.95062,0.00429,-0.31032,0.04103,0.98939,0.13936,0.30763,-0.14521,0.94036,-0.51147,-0.12071,3.42257
1696052600.76528,0.99529,-0.04299,-0.08692,0.03222,0.99204,-0.12174,0.09146,0.11836,0.98875,-0.52805,-0.09838,3.40345
1696052600.91896,0.97656,-0.02988,-0.21315,0.03723,0.99884,0.03055,0.21199,-0.03777,0.97654,-0.57487,-0.13484,3.40328
1696052601.05438,0.99339,-0.02861,-0.11115,0.03150,0.99921,0.02441,0.11036,-0.02775,0.99350,-0.58161,-0.11744,3.34858
1696052601.19271,0.97698,-0.04819,-0.20783,0.03542,0.99727,-0.06475,0.21038,0.05589,0.97602,-0.60348,-0.10915,3.35639
1696052601.33600,0.99094,-0.04980,-0.12477,0.03716,0.99412,-0.10167,0.12910,0.09611,0.98696,-0.61282,-0.11498,3.30905
1696052601.47040,0.98829,-0.05865,-0.14089,0.03690,0.98765,-0.15228,0.14808,0.14529,0.97824,-0.62981,-0.10541,3.26819
1696052601.60016,0.95097,0.00842,-0.30916,0.03756,0.98909,0.14248,0.30699,-0.14710,0.94028,-0.64648,-0.13986,3.20030
1696052601.74494,0.94084,0.00481,-0.33882,0.03875,0.99181,0.12168,0.33663,-0.12761,0.93295,-0.66345,-0.13595,3.16863
1696052602.03017,0.99969,-0.02343,-0.00853,0.02429,0.99239,0.12071,0.00563,-0.12088,0.99265,0.35054,-0.12191,3.18708
1696052602.13235,0.99736,-0.02733,0.06729,0.01676,0.98812,0.15279,-0.07067,-0.15126,0.98596,0.38397,-0.11924,3.15697
1696052602.28590,0.99991,-0.01294,-0.00461,0.01301,0.99981,0.01420,0.00442,-0.01426,0.99989,0.44494,-0.11867,3.12964
1696052602.42857,0.94661,0.01217,0.32214,0.04666,0.98359,-0.17427,-0.31897,0.18000,0.93051,0.46951,-0.10808,3.08425
1696052602.56262,0.99946,-0.01986,0.02617,0.01895,0.99923,0.03439,-0.02684,-0.03388,0.99907,0.49833,-0.09783,3.08917
1696052602.69468,0.99292,-0.03690,0.11286,0.01622,0.98373,0.17893,-0.11763,-0.17583,0.97737,0.52626,-0.10892,3.04881
1696052603.00473,0.98653,-0.01172,0.16316,0.02953,0.99380,-0.10716,-0.16089,0.11053,0.98076,0.14862,-0.11575,3.05235
1696052603.08955,0.99394,-0.01466,0.10892,0.02640,0.99390,-0.10710,-0.10668,0.10933,0.98826,0.11177,-0.12869,3.07295
1696052603.21554,0.99729,-0.01386,-0.07219,0.02047,0.99559,0.09157,0.07060,-0.09280,0.99318,0.06189,-0.12848,3.01971
1696052603.35591,0.99945,-0.02936,0.01528,0.02974,0.99924,-0.02532,-0.01453,0.02576,0.99956,0.01560,-0.11109,3.01665
1696052603.49323,0.97976,-0.03748,0.19663,0.03140,0.99893,0.03396,-0.19769,-0.02709,0.97989,-0.02278,-0.11967,2.96218
1696052603.61840,0.98733,-0.02269,-0.15705,0.01032,0.99681,-0.07914,0.15835,0.07651,0.98441,-0.06741,-0.12900,2.96918
1696052603.74844,0.99803,-0.02576,-0.05722,0.02625,0.99963,0.00773,0.05700,-0.00922,0.99833,-0.09928,-0.13111,2.95371
1696052603.86495,0.98688,-0.00810,-0.16125,0.03159,0.98912,0.14365,0.15833,-0.14686,0.97640,-0.13250,-0.12121,2.89206
1696052604.00493,0.99761,-0.03675,0.05859,0.04019,0.99747,-0.05859,-0.05629,0.06081,0.99656,-0.18774,-0.12734,2.89201
1696052604.12298,0.99923,-0.03437,0.01873,0.03647,0.99127,-0.12670,-0.01421,0.12729,0.99176,-0.24471,-0.13066,2.86624
1696052604.25542,0.97986,-0.01536,-0.19908,0.03101,0.99664,0.07574,0.19725,-0.08039,0.97705,-0.30137,-0.13366,2.83099
1696052604.39619,0.97548,-0.00787,-0.21994,0.03843,0.99010,0.13501,0.21670,-0.14016,0.96613,-0.34844,-0.13899,2.78044
1696052604.50808,0.99781,-0.02886,-0.05954,0.03606,0.99166,0.12377,0.05548,-0.12564,0.99052,-0.39614,-0.13777,2.72904
1696052604.66822,0.95800,0.00381,-0.28674,0.03230,0.99211,0.12111,0.28494,-0.12529,0.95032,-0.43250,-0.14744,2.70375
1696052604.79546,0.94034,-0.00445,-0.34021,0.04348,0.99329,0.10716,0.33745,-0.11556,0.93422,-0.45325,-0.16157,2.65766
1696052604.93796,0.93394,-0.01165,-0.35724,0.02817,0.99876,0.04108,0.35632,-0.04842,0.93311,-0.48837,-0.15233,2.63543
1696052605.07410,0.96977,-0.00411,-0.24397,0.02916,0.99464,0.09915,0.24225,-0.10327,0.96470,-0.52632,-0.16396,2.60478
1696052605.48857,0.93321,-0.03299,0.35781,0.00751,0.99735,0.07237,-0.35925,-0.06485,0.93099,0.76876,-0.11212,2.47563
1696052605.56055,0.92403,0.05392,0.37850,0.00411,0.98855,-0.15086,-0.38230,0.14096,0.91322,0.81246,-0.11289,2.44163
1696052605.65699,0.96709,-0.03956,0.25136,0.00601,0.99112,0.13287,-0.25438,-0.12699,0.95873,0.86071,-0.10881,2.38698
1696052605.80493,0.92016,-0.02254,0.39090,0.00038,0.99839,0.05668,-0.39155,-0.05201,0.91869,0.89618,-0.11138,2.38634
1696052605.94541,0.96136,0.01352,0.27495,-0.00283,0.99922,-0.03927,-0.27527,0.03697,0.96066,0.92232,-0.13166,2.35351
1696052606.06955,0.95683,-0.03878,0.28806,0.00307,0.99235,0.12341,-0.29064,-0.11719,0.94963,0.93925,-0.14098,2.29530
1696052606.20663,0.96030,-0.02346,0.27799,-0.00039,0.99634,0.08545,-0.27898,-0.08217,0.95678,0.96824,-0.13538,2.27865
1696052606.34545,0.91284,0.01825,0.40791,-0.00828,0.99962,-0.02620,-0.40823,0.02054,0.91265,1.00451,-0.14338,2.26756
1696052606.48438,0.92758,-0.03901,0.37158,-0.00154,0.99413,0.10821,-0.37362,-0.10095,0.92207,1.02062,-0.14054,2.22670
1696052606.62747,0.96826,0.01502,0.24950,-0.01506,0.99989,-0.00176,-0.24950,-0.00205,0.96837,1.04390,-0.14451,2.17328
1696052652.57503,0.98464,-0.03638,0.17074,0.05752,0.99104,-0.12058,-0.16482,0.12855,0.97791,-0.48695,-0.05109,4.63427
1696052653.73222,0.97376,0.00298,0.22756,0.02988,0.98959,-0.14080,-0.22561,0.14390,0.96353,0.10525,-0.18302,4.55334
1696052653.93278,0.94574,-0.06160,0.31902,0.04526,0.99727,0.05838,-0.32174,-0.04077,0.94595,0.16616,-0.14389,4.48382
1696052654.03685,0.97500,-0.06426,-0.21271,0.02292,0.98125,-0.19139,0.22102,0.18173,0.95819,0.21843,-0.15488,4.46264
1696052654.10584,0.98006,0.01354,-0.19825,-0.06701,0.96175,-0.26561,0.18707,0.27359,0.94348,0.23711,-0.14161,4.36368
1696052654.27179,0.99282,-0.03417,0.11468,0.04091,0.99754,-0.05695,-0.11245,0.06123,0.99177,0.26966,-0.14125,4.52488
1696052654.41387,0.98888,-0.01100,-0.14830,0.02122,0.99749,0.06748,0.14719,-0.06988,0.98664,0.29753,-0.13031,4.40296
1696052654.56147,0.94631,-0.05984,0.31769,0.02907,0.99449,0.10073,-0.32196,-0.08608,0.94283,0.32276,-0.11511,4.40277
1696052654.70806,0.99865,-0.04684,0.02264,0.04968,0.98779,-0.14768,-0.01544,0.14861,0.98878,0.35121,-0.10973,4.42232
1696052654.93639,0.99865,-0.02125,-0.04745,0.02999,0.98097,0.19184,0.04247,-0.19300,0.98028,0.40347,-0.09014,4.28600
1696052655.03929,0.99411,-0.03410,0.10288,0.03802,0.99861,-0.03639,-0.10150,0.04008,0.99403,0.44512,-0.05520,4.36534
1696052655.18483,0.99056,-0.03688,0.13204,0.04156,0.99859,-0.03288,-0.13065,0.03806,0.99070,0.48204,-0.06481,4.31924
1696052655.32124,0.98084,-0.04303,0.18998,0.00976,0.98493,0.17268,-0.19455,-0.16752,0.96648,0.49610,-0.06725,4.23629
1696052655.45567,0.99112,-0.01782,-0.13180,0.01879,0.99980,0.00608,0.13166,-0.00850,0.99126,0.53105,-0.07654,4.17178
1696052655.60501,0.97761,-0.01268,0.21003,0.02067,0.99914,-0.03585,-0.20940,0.03939,0.97704,0.57361,-0.06195,4.20395
1696052655.75059,0.99451,-0.02327,-0.10204,-0.00059,0.97372,-0.22774,0.10466,0.22655,0.96836,0.58101,-0.06618,4.11380
1696052655.89763,0.98604,-0.02874,0.16403,0.03572,0.99857,-0.03971,-0.16265,0.04501,0.98566,0.61934,-0.08565,4.19074
1696052656.05073,0.96184,0.00596,0.27354,0.01765,0.99633,-0.08374,-0.27304,0.08537,0.95821,0.64061,-0.07076,4.10064
1696052656.18963,0.98614,-0.01465,0.16530,0.01632,0.99983,-0.00874,-0.16514,0.01131,0.98621,0.66365,-0.10309,4.09598
1696052656.47358,0.94399,0.01169,-0.32978,0.04132,0.98732,0.15328,0.32739,-0.15832,0.93153,-0.67416,-0.11501,3.96179
1696052656.60342,0.99730,-0.05727,0.04586,0.06371,0.98597,-0.15430,-0.03638,0.15681,0.98696,-0.73868,-0.12725,3.91890
1696052656.73968,0.96433,0.00570,-0.26464,0.03327,0.98923,0.14253,0.26261,-0.14625,0.95376,-0.83108,-0.12114,3.87810
1696052656.89351,0.96419,0.01679,-0.26469,0.03695,0.97976,0.19673,0.26264,-0.19947,0.94405,-0.86783,-0.11110,3.80624
1696052657.04368,0.97413,-0.03844,-0.22270,0.03875,0.99924,-0.00300,0.22265,-0.00571,0.97488,-0.92091,-0.11777,3.85088
1696052657.27449,0.95655,0.00478,-0.29153,0.03756,0.98951,0.13949,0.28914,-0.14438,0.94634,-0.57126,-0.11808,3.86162
1696052657.37479,0.99791,-0.04975,-0.04115,0.04439,0.99152,-0.12215,0.04687,0.12006,0.99166,-0.56091,-0.12709,3.87004
1696052657.45614,0.93932,-0.00024,-0.34303,0.04495,0.99147,0.12237,0.34007,-0.13036,0.93132,-0.50549,-0.11423,3.78781
1696052657.68622,0.99603,-0.03348,-0.08251,0.03089,0.99899,-0.03253,0.08352,0.02985,0.99606,-0.39171,-0.14068,3.82725
1696052657.88827,0.96751,-0.00378,-0.25282,0.03543,0.99205,0.12075,0.25036,-0.12578,0.95995,0.09248,-0.09902,3.73588
1696052657.98907,0.96933,-0.01806,0.24511,0.05366,0.98879,-0.13937,-0.23984,0.14825,0.95943,0.11871,-0.10752,3.75292
1696052658.13254,0.98633,-0.01436,0.16415,0.04205,0.98515,-0.16647,-0.15932,0.17110,0.97229,0.16257,-0.09753,3.77271
1696052658.19388,0.99778,-0.00670,0.06621,0.00703,0.99996,-0.00476,-0.06618,0.00522,0.99779,0.23402,-0.09007,3.74470
1696052658.34508,0.97522,-0.02024,0.22033,0.01300,0.99933,0.03428,-0.22088,-0.03056,0.97482,0.28569,-0.09422,3.71606
1696052658.48635,0.93229,0.00530,0.36168,0.04636,0.98989,-0.13402,-0.35873,0.14171,0.92262,0.36479,-0.10949,3.63934
1696052658.63042,0.98695,-0.01484,0.16036,0.02039,0.99925,-0.03302,-0.15975,0.03585,0.98651,0.42334,-0.08323,3.71369
1696052658.77052,0.99874,-0.02336,-0.04452,0.02845,0.99269,0.11727,0.04145,-0.11839,0.99210,0.47432,-0.09207,3.60656
1696052658.91229,0.98272,-0.00979,0.18485,0.01678,0.99920,-0.03625,-0.18435,0.03873,0.98210,0.53610,-0.09641,3.60516
1696052659.06118,0.96098,-0.00106,0.27662,0.04413,0.98777,-0.14953,-0.27308,0.15590,0.94928,0.56215,-0.10275,3.56809
1696052659.21397,0.95973,0.00067,0.28092,0.03683,0.99107,-0.12817,-0.27850,0.13335,0.95113,0.59391,-0.10297,3.52317
1696052659.36120,0.99755,-0.03737,0.05910,0.02669,0.98473,0.17204,-0.06462,-0.17004,0.98332,0.64015,-0.09619,3.47293
1696052659.50336,0.99910,-0.03368,-0.02568,0.03704,0.98888,0.14403,0.02054,-0.14485,0.98924,0.67032,-0.07743,3.41546
1696052659.64998,0.95535,-0.01167,0.29524,0.02035,0.99945,-0.02634,-0.29477,0.03117,0.95506,0.74265,-0.09088,3.45065
1696052659.79234,0.98558,-0.05349,0.16055,0.02357,0.98288,0.18273,-0.16758,-0.17631,0.96997,0.76874,-0.07758,3.38030
1696052659.97107,0.99118,-0.00644,0.13236,0.02396,0.99106,-0.13123,-0.13033,0.13324,0.98248,0.26937,-0.10290,3.44734
1696052660.06159,0.99649,-0.02246,0.08065,0.02474,0.99932,-0.02739,-0.07998,0.02929,0.99637,0.21328,-0.09240,3.46776
1696052660.21638,0.99483,-0.01240,-0.10080,0.02905,0.98580,0.16538,0.09731,-0.16746,0.98106,0.15775,-0.10398,3.37746
1696052660.36043,0.97931,-0.02349,0.20098,0.05203,0.98907,-0.13796,-0.19554,0.14557,0.96983,0.10855,-0.13851,3.37371
1696052660.49104,0.98328,-0.01410,0.18154,0.04204,0.98765,-0.15095,-0.17716,0.15606,0.97173,0.09551,-0.11252,3.35221
1696052660.63150,0.97796,-0.01224,0.20844,0.04312,0.98860,-0.14425,-0.20429,0.15006,0.96734,0.09491,-0.11774,3.32240
1696052660.78202,0.99627,-0.02198,0.08338,0.02754,0.99743,-0.06611,-0.08172,0.06816,0.99432,0.08317,-0.11513,3.35807
1696052660.91652,0.98398,-0.01761,-0.17739,0.03254,0.99613,0.08159,0.17527,-0.08605,0.98075,0.06410,-0.11452,3.27676
1696052661.05726,0.98846,-0.01996,0.15015,0.04745,0.98219,-0.18179,-0.14384,0.18682,0.97181,0.03502,-0.12755,3.26221
1696052661.19270,0.99954,-0.02806,-0.01159,0.02632,0.99118,-0.12988,0.01514,0.12952,0.99146,0.01382,-0.13997,3.25225
1696052661.33253,0.97341,-0.02660,-0.22754,0.02200,0.99950,-0.02273,0.22803,0.01712,0.97350,-0.01394,-0.13523,3.21970
1696052661.40053,0.99955,-0.02705,-0.01332,0.02669,0.99929,-0.02643,0.01402,0.02607,0.99956,-0.05419,-0.13628,3.22184
1696052661.55203,0.97723,-0.01045,-0.21191,0.02707,0.99677,0.07566,0.21043,-0.07967,0.97436,-0.08732,-0.12763,3.16753
1696052661.69359,0.99897,-0.03231,0.03191,0.03251,0.99946,-0.00568,-0.03171,0.00671,0.99947,-0.10942,-0.12425,3.16388
1696052661.82527,0.97762,-0.01797,-0.20960,0.03000,0.99807,0.05435,0.20822,-0.05943,0.97628,-0.12102,-0.12401,3.11692
1696052661.96041,0.96499,-0.02196,-0.26135,0.02261,0.99974,-0.00049,0.26130,-0.00543,0.96524,-0.14957,-0.11556,3.08893
1696052662.10129,0.98424,-0.02745,0.17468,0.06268,0.97790,-0.19948,-0.16534,0.20728,0.96421,-0.17025,-0.12624,3.02225
1696052662.23325,0.99914,-0.03123,-0.02743,0.03044,0.99913,-0.02866,0.02830,0.02780,0.99921,-0.19639,-0.13431,3.07143
1696052662.36787,0.98928,-0.01206,-0.14553,0.03167,0.99059,0.13318,0.14256,-0.13636,0.98035,-0.22135,-0.12415,3.02299
1696052662.49645,0.97426,-0.02355,-0.22420,0.01966,0.99962,-0.01954,0.22457,0.01463,0.97435,-0.25435,-0.11778,3.00741
1696052662.63050,0.98309,-0.01163,-0.18274,0.02798,0.99580,0.08715,0.18096,-0.09079,0.97929,-0.25293,-0.13667,2.97698
1696052662.77344,0.97218,-0.02034,-0.23335,0.02934,0.99895,0.03515,0.23239,-0.04102,0.97176,-0.27085,-0.12916,2.95592
1696052662.86280,0.99566,-0.02682,-0.08915,0.02487,0.99943,-0.02292,0.08971,0.02060,0.99575,-0.28035,-0.14257,2.92873
1696052663.01704,0.94481,-0.01955,-0.32703,0.02336,0.99970,0.00772,0.32678,-0.01494,0.94498,-0.28183,-0.13851,2.84680
1696052663.16714,0.99922,-0.03576,-0.01648,0.03349,0.99199,-0.12182,0.02070,0.12117,0.99242,-0.31185,-0.14136,2.86770
1696052663.28976,0.96620,-0.02571,-0.25650,0.01898,0.99941,-0.02866,0.25709,0.02283,0.96612,-0.33299,-0.15192,2.82202
1696052663.43089,0.99609,-0.04383,0.07674,0.05704,0.98209,-0.17957,-0.06750,0.18325,0.98075,-0.35000,-0.15190,2.74525
1696052663.57464,0.98491,-0.02285,-0.17156,0.03164,0.99831,0.04868,0.17016,-0.05338,0.98397,-0.37691,-0.17326,2.76474
1696052663.70550,0.99851,-0.04466,-0.03148,0.04165,0.99502,-0.09052,0.03536,0.08907,0.99540,-0.39509,-0.14964,2.74309
1696052663.84751,0.97084,0.00662,-0.23965,0.03231,0.98689,0.15814,0.23755,-0.16127,0.95789,-0.40055,-0.14482,2.68856
1696052663.99771,0.97468,0.00033,-0.22362,0.03537,0.98719,0.15561,0.22080,-0.15957,0.96218,-0.41158,-0.14859,2.67099
1696052664.14333,0.98674,-0.00824,-0.16207,0.03116,0.98975,0.13935,0.15927,-0.14255,0.97689,-0.42491,-0.15764,2.63938
1696052664.26804,0.97873,0.00285,-0.20515,0.02883,0.98808,0.15123,0.20314,-0.15393,0.96698,-0.43818,-0.16114,2.61391
1696052664.38063,0.94766,-0.02126,-0.31856,0.01642,0.99971,-0.01787,0.31885,0.01171,0.94773,-0.44002,-0.15409,2.58740
1696052664.51863,0.97418,0.01354,-0.22537,0.02814,0.98313,0.18071,0.22402,-0.18239,0.95737,-0.46181,-0.12269,2.55888
1696052664.63888,0.97293,-0.00393,-0.23106,0.03023,0.99342,0.11043,0.22911,-0.11442,0.96665,-0.46761,-0.13922,2.53668
1696052664.77515,0.96773,-0.00005,-0.25198,0.02588,0.99473,0.09919,0.25065,-0.10251,0.96263,-0.48350,-0.12992,2.51887
1696052664.92059,0.96967,-0.01096,-0.24416,0.02685,0.99772,0.06185,0.24292,-0.06653,0.96776,-0.48902,-0.14086,2.48787
1696052665.07145,0.97843,0.00764,-0.20645,0.02496,0.98762,0.15484,0.20508,-0.15665,0.96613,-0.48244,-0.13692,2.45121
1696052665.21362,0.98826,-0.01264,-0.15225,0.02639,0.99571,0.08868,0.15048,-0.09166,0.98435,-0.49557,-0.15623,2.42927
1696052665.34443,0.99446,-0.04537,-0.09480,0.03142,0.98911,-0.14377,0.10029,0.14000,0.98506,-0.49774,-0.15755,2.40721
1696052665.49535,0.96041,0.00963,-0.27841,0.03078,0.98961,0.14043,0.27687,-0.14344,0.95014,-0.49979,-0.17163,2.37164
1696052665.63247,0.96889,0.00856,-0.24735,0.02487,0.99098,0.13171,0.24624,-0.13377,0.95993,-0.50562,-0.16276,2.34227
1696052665.77498,0.96928,-0.04047,-0.24262,0.02304,0.99697,-0.07427,0.24489,0.06640,0.96727,-0.52364,-0.17852,2.33588
1696052665.91667,0.97453,-0.02868,-0.22243,0.02107,0.99911,-0.03651,0.22328,0.03089,0.97426,-0.52443,-0.17955,2.30950
1696052666.04124,0.98852,-0.05654,-0.14013,0.02629,0.97757,-0.20897,0.14880,0.20288,0.96783,-0.53064,-0.15937,2.26041
1696052666.10723,0.95808,0.00527,-0.28645,0.02695,0.99374,0.10842,0.28523,-0.11160,0.95194,-0.52572,-0.15421,2.23759
1696052666.26123,0.95505,0.01952,-0.29579,0.02758,0.98765,0.15423,0.29515,-0.15545,0.94272,-0.52093,-0.15732,2.20183
1696052666.38744,0.98774,-0.00701,-0.15594,0.01854,0.99719,0.07260,0.15500,-0.07460,0.98509,-0.52131,-0.15236,2.19077
1696052666.51500,0.95634,0.00985,-0.29210,0.02169,0.99428,0.10455,0.29146,-0.10632,0.95066,-0.51948,-0.15612,2.15548
1696052666.65431,0.95017,0.02234,-0.31094,0.01339,0.99358,0.11230,0.31146,-0.11086,0.94377,-0.52061,-0.18401,2.13239
1696052666.79146,0.98136,-0.07129,-0.17846,0.02210,0.96435,-0.26370,0.19090,0.25484,0.94795,-0.51337,-0.18339,2.11308
1696052666.92247,0.96900,0.01716,-0.24647,0.01741,0.99037,0.13738,0.24645,-0.13741,0.95936,-0.51040,-0.19362,2.08283
1696052710.15916,0.97851,-0.06943,-0.19414,0.05273,0.99455,-0.08992,0.19932,0.07775,0.97684,-2.33431,-0.03194,4.83509
1696052710.44026,0.74848,-0.02282,-0.66277,0.06161,0.99748,0.03524,0.66029,-0.06721,0.74799,-2.27477,-0.07595,4.75981
1696052710.56249,0.90528,-0.04145,-0.42279,0.03171,0.99905,-0.03005,0.42364,0.01380,0.90573,-2.28648,-0.04886,4.83077
1696052711.12306,0.77862,0.03259,-0.62665,0.06095,0.99000,0.12723,0.62453,-0.13726,0.76885,-2.17016,-0.04682,4.70266
1696052711.18680,0.75343,0.03266,-0.65671,0.05653,0.99185,0.11418,0.65509,-0.12315,0.74545,-2.10743,-0.06122,4.66337
1696052711.53070,0.81966,0.00557,-0.57282,0.04220,0.99665,0.07006,0.57129,-0.08160,0.81668,-2.05358,-0.07702,4.62937
1696052711.74328,0.99143,-0.04539,-0.12252,0.03258,0.99399,-0.10455,0.12652,0.09966,0.98694,-1.98892,-0.07110,4.56133
1696052712.05208,0.85675,0.01577,-0.51549,0.04356,0.99375,0.10280,0.51389,-0.11053,0.85071,-1.96294,-0.07324,4.59410
1696052712.15380,0.93039,-0.04593,-0.36369,0.04208,0.99894,-0.01850,0.36416,0.00191,0.93133,-1.96994,-0.03229,4.70525
1696052712.29615,0.78328,-0.01966,-0.62136,0.05106,0.99816,0.03278,0.61957,-0.05740,0.78284,-1.93116,-0.06085,4.61382
1696052712.58496,0.95797,-0.02224,-0.28602,0.02481,0.99968,0.00535,0.28581,-0.01222,0.95821,-1.93274,-0.07108,4.60928
1696052712.72264,0.98630,-0.02845,-0.16249,0.04165,0.99605,0.07842,0.15962,-0.08412,0.98359,-1.90827,-0.06793,4.54207
1696052712.85205,0.98942,-0.03969,-0.13952,0.02728,0.99559,-0.08975,0.14247,0.08500,0.98614,-1.82773,-0.01425,4.48160
1696052713.00356,0.93051,-0.07439,-0.35863,0.05796,0.99673,-0.05634,0.36165,0.03164,0.93178,-1.86063,-0.04348,4.59640
1696052713.32410,0.98061,-0.03391,-0.19301,0.03447,0.99941,-0.00047,0.19291,-0.00620,0.98120,-1.81487,-0.10258,4.45521
1696052713.41767,0.82966,0.02010,-0.55791,0.06222,0.98980,0.12819,0.55480,-0.14107,0.81994,-1.78449,-0.06651,4.44701
1696052713.57102,0.92968,-0.03331,-0.36687,0.03185,0.99944,-0.01004,0.36700,-0.00235,0.93022,-1.78316,-0.07397,4.48431
1696052713.72052,0.98819,-0.06685,-0.13787,0.05288,0.99331,-0.10266,0.14381,0.09416,0.98512,-1.73580,-0.09324,4.38075
1696052714.22752,0.80003,-0.18192,-0.57171,0.04185,0.96752,-0.24931,0.59850,0.17553,0.78166,-1.72085,-0.19281,4.26229
1696052714.76149,0.97532,-0.02569,-0.21931,0.03554,0.99852,0.04110,0.21793,-0.04788,0.97479,-1.71749,-0.20591,4.20693
1696052714.83687,0.97042,-0.09053,-0.22379,0.06274,0.98975,-0.12832,0.23311,0.11049,0.96615,-1.71342,-0.19359,4.21546
1696052714.97536,0.82786,0.01074,-0.56083,0.05309,0.99383,0.09740,0.55841,-0.11041,0.82219,-1.70557,-0.19650,4.17900
1696052715.79306,0.99796,-0.03749,0.05166,0.04487,0.98765,-0.15013,-0.04539,0.15214,0.98732,-0.13579,-0.10998,4.43886
1696052716.08440,0.99592,-0.01674,0.08870,0.02014,0.99909,-0.03762,-0.08799,0.03925,0.99535,0.04850,-0.07787,4.35726
1696052716.42356,0.98578,-0.00067,-0.16803,0.03077,0.98380,0.17662,0.16519,-0.17928,0.96983,0.21333,-0.06576,4.22223
1696052716.53111,0.97663,-0.02357,-0.21363,0.03191,0.99885,0.03567,0.21255,-0.04165,0.97626,0.29169,-0.06382,4.22784
1696052716.82640,0.96602,-0.00348,0.25844,0.05010,0.98347,-0.17402,-0.25356,0.18106,0.95022,0.45837,-0.07970,4.17592
1696052716.94408,0.99219,-0.01804,-0.12341,0.02983,0.99509,0.09437,0.12110,-0.09731,0.98786,0.50684,-0.10047,4.13115
1696052717.15601,0.99864,-0.02457,-0.04592,0.02995,0.99225,0.12057,0.04260,-0.12178,0.99164,0.63053,-0.09131,4.06092
1696052717.26587,0.99861,-0.03336,0.04085,0.02413,0.97770,0.20861,-0.04690,-0.20734,0.97714,0.69133,-0.05315,3.99857
1696052717.41741,0.99623,0.01093,0.08603,0.00898,0.97371,-0.22760,-0.08626,0.22751,0.96995,0.74000,-0.06796,4.01251
1696052717.84177,0.98742,-0.05001,-0.15001,0.03523,0.99440,-0.09966,0.15415,0.09312,0.98365,-0.51037,-0.12779,4.05796
1696052718.02289,0.99435,-0.05724,-0.08936,0.03769,0.97766,-0.20678,0.09920,0.20224,0.97430,-0.65455,-0.08636,3.94635
1696052718.25037,0.98440,-0.07865,-0.15735,0.03956,0.97055,-0.23762,0.17141,0.22769,0.95853,-0.73845,-0.14257,3.84522
1696052718.35960,0.98103,-0.03179,-0.19124,0.03149,0.99949,-0.00461,0.19129,-0.00150,0.98153,-0.78318,-0.11283,3.85468
1696052718.49321,0.97763,-0.06434,-0.20025,0.03969,0.99139,-0.12476,0.20655,0.11402,0.97177,-0.84837,-0.12381,3.81925
1696052718.63702,0.97609,-0.04697,-0.21222,0.03879,0.99834,-0.04252,0.21386,0.03327,0.97630,-0.91079,-0.12788,3.75441
1696052718.77702,0.90549,0.00803,-0.42429,0.04012,0.99372,0.10443,0.42246,-0.11159,0.89948,-0.94248,-0.12161,3.72908
1696052718.90562,0.98840,-0.06159,-0.13881,0.03534,0.98226,-0.18415,0.14769,0.17710,0.97305,-0.99054,-0.14735,3.70513
1696052719.41813,0.85112,-0.00952,0.52488,0.01474,0.99987,-0.00576,-0.52476,0.01264,0.85116,1.37228,-0.08719,3.47282
1696052719.49960,0.83940,-0.03859,0.54214,0.00036,0.99752,0.07043,-0.54351,-0.05892,0.83733,1.41588,-0.09863,3.43524
1696052719.64699,0.80337,0.07352,0.59093,0.03884,0.98377,-0.17519,-0.59422,0.16369,0.78747,1.43426,-0.10417,3.36687
1696052719.79276,0.98169,-0.01289,0.19004,0.00772,0.99958,0.02790,-0.19032,-0.02593,0.98138,1.47019,-0.08746,3.37690
1696052719.92560,0.79210,0.06301,0.60713,0.03410,0.98854,-0.14708,-0.60944,0.13721,0.78087,1.48188,-0.08487,3.32613
1696052720.07974,0.90393,0.00117,0.42768,0.00465,0.99991,-0.01257,-0.42766,0.01335,0.90384,1.54439,-0.08485,3.37231
1696052720.21655,0.76626,0.03641,0.64149,0.01654,0.99695,-0.07633,-0.64231,0.06910,0.76332,1.55249,-0.08156,3.27327
1696052720.36467,0.97009,-0.01088,0.24249,0.00864,0.99991,0.01030,-0.24258,-0.00790,0.97010,1.57199,-0.08214,3.28037
1696052720.50866,0.96906,-0.03873,0.24377,0.01550,0.99521,0.09653,-0.24634,-0.08976,0.96502,1.57650,-0.08695,3.20807
1696052720.64684,0.88663,0.00034,0.46247,0.00802,0.99984,-0.01610,-0.46240,0.01799,0.88649,1.63231,-0.08025,3.25086
1696052721.56805,0.90546,-0.01154,0.42426,0.00483,0.99985,0.01688,-0.42439,-0.01324,0.90538,1.39607,-0.08698,3.16848
1696052721.66992,0.98225,-0.02996,0.18514,0.01630,0.99706,0.07490,-0.18684,-0.07055,0.97985,1.34752,-0.08353,3.08752
1696052721.74992,0.83893,-0.03547,0.54308,0.01299,0.99889,0.04517,-0.54408,-0.03084,0.83847,1.31710,-0.07991,3.10763
1696052722.29463,0.99977,-0.02116,0.00158,0.02120,0.99921,-0.03366,-0.00086,0.03369,0.99943,0.15091,-0.11267,3.36767
1696052722.41385,0.99501,-0.02154,0.09747,0.03138,0.99443,-0.10061,-0.09476,0.10317,0.99014,0.13904,-0.11050,3.34700
1696052722.54935,0.99813,-0.02872,0.05400,0.03063,0.99893,-0.03478,-0.05294,0.03637,0.99794,0.12306,-0.12426,3.30671
1696052722.69168,0.98399,-0.02500,0.17649,0.03133,0.99896,-0.03321,-0.17547,0.03820,0.98374,0.10513,-0.12824,3.29568
1696052722.83262,0.98052,-0.00108,0.19641,0.03194,0.98755,-0.15402,-0.19379,0.15729,0.96835,0.11158,-0.12702,3.26173
