1695921956.65930,0.96966,-0.01973,-0.24365,0.03853,0.99661,0.07266,0.24139,-0.07985,0.96714,-1.63816,-0.11290,5.34779
1695921958.17086,0.97170,-0.01975,-0.23539,0.03938,0.99610,0.07896,0.23291,-0.08599,0.96869,-1.30580,-0.04215,5.22244
1695921958.27764,0.99149,0.05593,-0.11754,-0.01895,0.95539,0.29475,0.12878,-0.29001,0.94832,-1.22489,-0.05549,5.09195
1695921958.67249,0.89914,-0.10922,-0.42382,0.02738,0.98050,-0.19460,0.43681,0.16337,0.88459,-1.11354,-0.00515,5.07818
1695921959.32447,0.97169,0.03303,-0.23396,0.01871,0.97632,0.21554,0.23554,-0.21381,0.94805,-0.91207,-0.12008,4.94905
1695921959.42892,0.88710,-0.13254,-0.44215,0.01213,0.96425,-0.26471,0.46142,0.22946,0.85699,-0.89037,-0.06877,4.92005
1695921959.73501,0.98667,-0.07444,0.14470,0.09093,0.98967,-0.11085,-0.13495,0.12253,0.98325,-0.81820,-0.08230,4.89869
1695921960.90145,0.93992,0.01342,-0.34114,0.03946,0.98826,0.14759,0.33912,-0.15218,0.92835,-0.64304,-0.07483,4.73866
1695921960.99967,0.94507,0.01255,-0.32662,0.04233,0.98614,0.16040,0.32411,-0.16541,0.93145,-0.62371,-0.10554,4.72100
1695921961.73153,0.94637,0.02282,0.32228,0.01663,0.99274,-0.11913,-0.32266,0.11810,0.93912,0.36991,-0.14236,4.68858
1695921962.46850,0.93613,0.04680,0.34854,0.01973,0.98256,-0.18492,-0.35111,0.17999,0.91887,0.92691,-0.14354,4.41866
1695921962.57550,0.89613,0.07889,0.43672,0.03709,0.96732,-0.25084,-0.44224,0.24098,0.86392,0.94615,-0.11502,4.31372
1695921962.70846,0.96667,-0.03620,0.25346,-0.00487,0.98717,0.15958,-0.25598,-0.15550,0.95409,1.01730,-0.10066,4.37679
1695921962.85153,0.79591,-0.07940,0.60019,0.01671,0.99387,0.10932,-0.60519,-0.07698,0.79235,1.07350,-0.11359,4.35177
1695921963.06674,0.92859,0.01121,0.37094,0.02724,0.99479,-0.09826,-0.37011,0.10135,0.92344,1.14403,-0.12023,4.29719
1695921963.16576,0.94554,-0.03781,0.32331,0.01981,0.99807,0.05881,-0.32491,-0.04920,0.94447,1.17041,-0.12170,4.28996
1695921963.38505,0.99391,-0.04178,0.10201,0.02372,0.98478,0.17220,-0.10765,-0.16873,0.97976,1.21927,-0.07053,4.13843
1695921963.49362,0.99600,-0.04439,0.07754,0.03100,0.98563,0.16604,-0.08380,-0.16297,0.98307,1.27517,-0.08630,4.09293
1695921964.01908,0.97760,-0.00281,0.21044,0.00531,0.99992,-0.01133,-0.21039,0.01220,0.97754,0.75940,-0.05552,4.23606
1695921964.22528,0.99035,-0.03626,0.13377,0.02244,0.99439,0.10340,-0.13677,-0.09940,0.98560,0.66937,-0.07142,4.19472
1695921965.05458,0.99304,-0.02457,0.11522,0.02962,0.99866,-0.04233,-0.11403,0.04545,0.99244,0.51260,-0.11256,4.11226
1695921965.15948,0.99833,-0.03059,-0.04894,0.01772,0.96949,-0.24449,0.05492,0.24321,0.96842,0.49352,-0.10207,4.02897
1695921965.30438,0.99336,-0.02732,-0.11177,0.03704,0.99562,0.08585,0.10893,-0.08942,0.99002,0.47524,-0.08280,3.97551
1695921965.43647,0.99683,-0.01490,-0.07815,0.02009,0.99761,0.06609,0.07698,-0.06745,0.99475,0.47999,-0.11048,3.98865
1695921965.57075,0.96664,-0.02095,0.25528,0.03981,0.99683,-0.06892,-0.25303,0.07679,0.96441,0.45918,-0.10943,4.01185
1695921965.79696,0.99609,-0.02429,-0.08492,0.03594,0.98971,0.13853,0.08068,-0.14104,0.98671,0.43026,-0.11083,3.91169
1695921966.00303,0.96376,-0.05018,0.26201,0.03246,0.99691,0.07153,-0.26479,-0.06043,0.96241,0.40144,-0.12337,3.95586
1695921966.20782,0.99855,-0.03947,0.03661,0.03872,0.99903,0.02110,-0.03741,-0.01966,0.99911,0.37409,-0.12744,3.92339
1695921966.30472,0.99902,-0.03016,-0.03238,0.03392,0.99186,0.12276,0.02842,-0.12373,0.99191,0.34942,-0.12624,3.85094
1695921966.51650,0.99801,-0.02117,-0.05939,0.01256,0.98981,-0.14181,0.06179,0.14079,0.98811,0.33556,-0.11250,3.83030
1695921966.83343,0.97162,-0.01344,0.23615,0.03949,0.99359,-0.10591,-0.23321,0.11223,0.96593,0.29738,-0.11123,3.76586
1695921966.93201,0.99934,-0.02576,-0.02567,0.02409,0.99772,-0.06312,0.02724,0.06246,0.99768,0.27359,-0.11281,3.76979
1695921967.07696,0.99777,-0.02558,-0.06161,0.03363,0.99048,0.13345,0.05761,-0.13523,0.98914,0.26902,-0.11892,3.70431
1695921967.21215,0.95573,-0.01857,0.29365,0.03641,0.99780,-0.05541,-0.29197,0.06365,0.95431,0.25603,-0.10039,3.70521
1695921967.42862,0.99808,-0.02510,0.05658,0.02691,0.99914,-0.03154,-0.05574,0.03300,0.99790,0.24003,-0.09605,3.71979
1695921967.53493,0.98957,-0.01114,-0.14364,0.02578,0.99461,0.10046,0.14174,-0.10311,0.98452,0.22390,-0.11841,3.62465
1695921967.67906,0.98261,-0.00774,0.18550,0.03230,0.99102,-0.12975,-0.18283,0.13349,0.97404,0.21844,-0.12206,3.65701
1695921967.79120,0.99963,-0.02632,0.00725,0.02702,0.99199,-0.12336,-0.00395,0.12351,0.99233,0.18956,-0.09268,3.63962
1695921967.91978,0.99967,-0.02228,-0.01278,0.01980,0.98542,-0.16899,0.01636,0.16868,0.98554,0.18594,-0.10286,3.63641
1695921968.06052,0.99930,-0.03079,-0.02139,0.03368,0.98795,0.15103,0.01649,-0.15165,0.98830,0.16395,-0.10172,3.56855
1695921968.28939,0.99392,-0.02774,0.10659,0.04176,0.99042,-0.13163,-0.10191,0.13528,0.98555,0.13915,-0.11153,3.53279
1695921968.39382,0.99666,-0.03131,0.07542,0.03240,0.99939,-0.01336,-0.07495,0.01576,0.99706,0.14044,-0.09282,3.54315
1695921968.51864,0.97025,-0.02139,0.24114,0.04670,0.99391,-0.09976,-0.23754,0.10806,0.96535,0.14679,-0.09823,3.47801
1695921968.73036,0.98813,-0.02621,-0.15138,0.03454,0.99801,0.05269,0.14970,-0.05729,0.98707,0.11133,-0.09384,3.46625
1695921968.83859,0.99084,-0.02545,-0.13260,0.01980,0.99884,-0.04379,0.13356,0.04076,0.99020,0.10422,-0.11119,3.43333
1695921968.98182,0.99196,-0.01170,-0.12602,0.02595,0.99336,0.11204,0.12387,-0.11441,0.98568,0.09935,-0.11287,3.40642
1695921969.12250,0.99895,-0.02396,0.03899,0.02602,0.99825,-0.05318,-0.03765,0.05414,0.99782,0.09660,-0.10944,3.42216
1695921969.25906,0.99528,-0.01773,0.09540,0.02215,0.99872,-0.04545,-0.09447,0.04735,0.99440,0.11108,-0.10367,3.39871
1695921969.38920,0.99820,-0.03514,0.04855,0.03609,0.99917,-0.01869,-0.04786,0.02041,0.99865,0.09289,-0.12547,3.35457
1695921969.52510,0.99890,-0.02564,-0.03914,0.03163,0.98648,0.16083,0.03449,-0.16189,0.98621,0.08520,-0.10857,3.30159
1695921969.66680,0.99901,-0.03285,0.02996,0.03334,0.99932,-0.01596,-0.02942,0.01694,0.99942,0.07139,-0.12896,3.33957
1695921969.80840,0.99962,-0.02709,0.00564,0.02711,0.99962,-0.00465,-0.00552,0.00480,0.99997,0.05220,-0.12887,3.29343
1695921969.95251,0.99210,-0.01713,-0.12427,0.02960,0.99462,0.09925,0.12190,-0.10214,0.98727,0.03546,-0.10980,3.24924
1695921970.08424,0.99497,-0.02287,0.09752,0.02264,0.99974,0.00340,-0.09758,-0.00118,0.99523,0.03299,-0.11841,3.25529
1695921970.21985,0.98761,-0.00877,-0.15671,0.02268,0.99593,0.08725,0.15530,-0.08973,0.98378,0.01426,-0.12304,3.19369
1695921970.35676,0.99930,-0.02624,-0.02663,0.02353,0.99497,-0.09740,0.02905,0.09671,0.99489,0.00124,-0.13004,3.18929
1695921970.49667,0.99943,-0.02674,-0.02056,0.02491,0.99610,-0.08461,0.02274,0.08405,0.99620,0.00013,-0.13415,3.16852
1695921970.63890,0.99765,-0.01733,0.06632,0.02739,0.98772,-0.15383,-0.06284,0.15529,0.98587,-0.00368,-0.13417,3.11634
1695921970.76343,0.98479,-0.02644,0.17172,0.03186,0.99908,-0.02887,-0.17080,0.03390,0.98472,-0.01037,-0.13118,3.08357
1695921970.90061,0.99948,-0.02297,0.02246,0.02642,0.98552,-0.16749,-0.01829,0.16800,0.98562,-0.02389,-0.13109,3.10029
1695921971.04170,0.98482,-0.01630,-0.17284,0.02619,0.99814,0.05511,0.17162,-0.05880,0.98341,-0.03322,-0.12045,3.04640
1695921971.17001,0.99741,-0.03155,-0.06469,0.02317,0.99171,-0.12637,0.06814,0.12454,0.98987,-0.05117,-0.14200,3.04186
1695921971.31988,0.99410,-0.02134,0.10633,0.03789,0.98701,-0.15611,-0.10162,0.15922,0.98200,-0.04906,-0.12028,2.99544
1695921971.47694,0.98694,-0.01896,-0.15995,0.03780,0.99257,0.11562,0.15657,-0.12015,0.98033,-0.05275,-0.12108,2.97654
1695921971.63816,0.99263,-0.02552,-0.11845,0.01995,0.99865,-0.04800,0.11952,0.04529,0.99180,-0.05650,-0.13907,2.96700
1695921971.78299,0.99872,-0.01694,0.04776,0.02620,0.97935,-0.20046,-0.04338,0.20146,0.97854,-0.06221,-0.13573,2.92237
1695921971.91399,0.99938,-0.03019,-0.01819,0.03083,0.99887,0.03622,0.01707,-0.03676,0.99918,-0.07895,-0.14496,2.91973
1695921972.05348,0.98386,-0.02423,-0.17728,0.01446,0.99832,-0.05619,0.17834,0.05272,0.98256,-0.09390,-0.13937,2.86727
1695921972.19643,0.99541,-0.02694,-0.09184,0.02397,0.99916,-0.03331,0.09266,0.03096,0.99522,-0.10242,-0.13550,2.84644
1695921972.32995,0.99610,-0.01983,-0.08598,0.02784,0.99528,0.09301,0.08373,-0.09504,0.99195,-0.10011,-0.14808,2.80118
1695921972.47829,0.99091,-0.01628,-0.13353,0.02883,0.99529,0.09259,0.13139,-0.09560,0.98671,-0.10863,-0.14183,2.77905
1695921972.63233,0.99896,-0.04120,-0.01932,0.03537,0.97011,-0.24007,0.02864,0.23914,0.97056,-0.11418,-0.17215,2.73715
1695921972.86203,0.99957,-0.02741,0.01012,0.02828,0.99458,-0.10010,-0.00732,0.10034,0.99493,-0.12135,-0.15014,2.71793
1695921972.96570,0.99571,-0.02881,0.08789,0.03418,0.99760,-0.06020,-0.08595,0.06295,0.99431,-0.12175,-0.14364,2.67916
1695921973.09171,0.99947,-0.02414,-0.02198,0.02372,0.99954,-0.01900,0.02242,0.01847,0.99958,-0.13374,-0.13530,2.67413
1695921973.23940,0.97305,-0.02216,-0.22955,0.02295,0.99974,0.00081,0.22947,-0.00605,0.97330,-0.14266,-0.13408,2.61992
1695921973.39329,0.99883,-0.03156,-0.03661,0.03035,0.99898,-0.03337,0.03763,0.03222,0.99877,-0.15350,-0.12122,2.60679
1695921973.54729,0.99556,-0.03238,0.08837,0.04654,0.98549,-0.16323,-0.08180,0.16662,0.98262,-0.15269,-0.13055,2.56531
1695921973.70607,0.98802,-0.02706,-0.15194,0.02889,0.99953,0.00986,0.15160,-0.01413,0.98834,-0.15212,-0.14215,2.54955
1695921973.86390,0.99891,-0.03646,0.02918,0.04116,0.98260,-0.18112,-0.02207,0.18212,0.98303,-0.15969,-0.13976,2.52027
1695921974.01000,0.99170,-0.02548,0.12602,0.04362,0.98871,-0.14334,-0.12095,0.14765,0.98162,-0.16689,-0.16547,2.48643
1695921974.14893,0.99786,-0.02200,-0.06150,0.02481,0.99866,0.04534,0.06042,-0.04677,0.99708,-0.17055,-0.15950,2.47461
1695921974.28654,0.99163,-0.03312,-0.12481,0.02165,0.99551,-0.09218,0.12730,0.08870,0.98789,-0.18038,-0.15858,2.45013
1695921974.43550,0.98260,-0.02653,-0.18384,0.01466,0.99773,-0.06567,0.18517,0.06183,0.98076,-0.19031,-0.15829,2.42140
1695921974.57842,0.99889,-0.02210,-0.04153,0.02654,0.99362,0.10961,0.03884,-0.11059,0.99311,-0.19300,-0.15875,2.37686
1695921974.73026,0.99447,-0.01362,-0.10411,0.02472,0.99405,0.10611,0.10204,-0.10810,0.98889,-0.20520,-0.15659,2.35029
1695921974.87413,0.98674,-0.03590,-0.15831,0.01902,0.99409,-0.10687,0.16121,0.10244,0.98159,-0.21244,-0.15061,2.33730
1695921975.01052,0.99256,-0.01262,-0.12107,0.02359,0.99569,0.08966,0.11942,-0.09185,0.98859,-0.21505,-0.14928,2.30039
1695921975.14198,0.97973,-0.03129,-0.19786,0.01237,0.99529,-0.09615,0.19994,0.09175,0.97550,-0.21292,-0.16087,2.26792
1695921975.30097,0.98744,-0.00582,-0.15790,0.02778,0.99015,0.13724,0.15555,-0.13990,0.97787,-0.21769,-0.16745,2.23913
1695921975.44593,0.98395,-0.01217,-0.17805,0.02591,0.99684,0.07505,0.17657,-0.07846,0.98116,-0.21944,-0.18156,2.20833
1695921975.56888,0.99780,-0.02820,-0.05999,0.02978,0.99923,0.02558,0.05922,-0.02731,0.99787,-0.23139,-0.17063,2.17644
1695921975.71941,0.98681,-0.00823,-0.16168,0.01892,0.99772,0.06471,0.16078,-0.06691,0.98472,-0.23095,-0.16726,2.14852
1695921975.86950,0.97913,-0.00332,-0.20322,0.02270,0.99540,0.09312,0.20198,-0.09579,0.97469,-0.24048,-0.16970,2.10781
1695921976.02093,0.99724,-0.03866,-0.06339,0.02277,0.97184,-0.23453,0.07067,0.23244,0.97004,-0.23878,-0.14051,2.08498
1695921976.16968,0.98848,-0.00824,-0.15116,0.02376,0.99458,0.10118,0.14950,-0.10361,0.98332,-0.23926,-0.13425,2.07306
1695921976.30353,0.98624,-0.02394,-0.16360,0.01519,0.99840,-0.05452,0.16465,0.05128,0.98502,-0.23489,-0.12755,2.06113
1695921976.45269,0.98970,-0.00071,-0.14318,0.02342,0.98732,0.15698,0.14125,-0.15872,0.97717,-0.23639,-0.13944,2.00874
1695921976.59430,0.98666,-0.01145,-0.16241,0.02309,0.99728,0.06997,0.16117,-0.07278,0.98424,-0.23685,-0.13577,1.99775
1695921976.75900,0.97916,-0.00421,-0.20304,0.01177,0.99928,0.03607,0.20274,-0.03771,0.97851,-0.24389,-0.16211,1.97614
1695921976.89193,0.99456,-0.01001,-0.10369,0.01641,0.99800,0.06110,0.10287,-0.06247,0.99273,-0.24949,-0.17221,1.92516
1695921977.04643,0.97355,0.00161,-0.22845,0.02056,0.99530,0.09465,0.22753,-0.09685,0.96894,-0.24987,-0.18086,1.88853
1695921977.19650,0.98369,0.00276,-0.17984,0.01779,0.99349,0.11256,0.17898,-0.11392,0.97724,-0.24805,-0.17426,1.85903
1695921977.35552,0.98664,-0.00846,-0.16272,0.02052,0.99715,0.07262,0.16164,-0.07499,0.98400,-0.25868,-0.18524,1.83975
1695921977.50120,0.97383,-0.00072,-0.22727,0.01382,0.99833,0.05606,0.22685,-0.05773,0.97222,-0.25662,-0.17744,1.81111
1695921977.65463,0.99287,-0.04847,-0.10890,0.02080,0.97002,-0.24214,0.11737,0.23815,0.96411,-0.25224,-0.18316,1.78329
1695921977.79294,0.99161,-0.02300,-0.12720,0.02036,0.99955,-0.02199,0.12765,0.01922,0.99163,-0.25059,-0.18313,1.76625
1695921977.93636,0.99764,-0.04141,-0.05472,0.02497,0.96179,-0.27265,0.06392,0.27064,0.96056,-0.24434,-0.17756,1.72520
1695921978.08977,0.97821,-0.00051,-0.20763,0.01340,0.99807,0.06068,0.20720,-0.06214,0.97632,-0.24477,-0.19040,1.70600
1695921978.24127,0.97870,0.00465,-0.20523,0.01205,0.99672,0.08001,0.20493,-0.08078,0.97544,-0.24330,-0.19052,1.66238
1695921978.37905,0.97634,-0.00691,-0.21613,0.01100,0.99978,0.01775,0.21596,-0.01971,0.97620,-0.23775,-0.18619,1.64927
1695921978.52268,0.97746,0.00854,-0.21093,0.01095,0.99578,0.09108,0.21082,-0.09134,0.97325,-0.23558,-0.19105,1.61434
1695921978.66311,0.98229,-0.00254,-0.18737,0.01116,0.99893,0.04498,0.18705,-0.04628,0.98126,-0.24336,-0.17964,1.59233
1695921978.81499,0.98245,-0.00057,-0.18650,0.01033,0.99863,0.05139,0.18622,-0.05242,0.98111,-0.24410,-0.17143,1.56607
1695921978.95384,0.98052,0.01031,-0.19613,0.01167,0.99380,0.11056,0.19605,-0.11069,0.97433,-0.24080,-0.16495,1.53291
1695921979.10119,0.97337,-0.00058,-0.22925,0.01511,0.99799,0.06162,0.22875,-0.06344,0.97142,-0.25491,-0.17062,1.52014
1695921979.24499,0.97922,0.00571,-0.20272,0.01160,0.99639,0.08409,0.20247,-0.08469,0.97562,-0.25772,-0.15722,1.48614
1695921979.38527,0.98137,-0.00418,-0.19207,0.01769,0.99748,0.06869,0.19129,-0.07081,0.97898,-0.26493,-0.16681,1.45914
1695921979.53633,0.97506,0.01850,-0.22115,0.01166,0.99088,0.13427,0.22161,-0.13350,0.96595,-0.26718,-0.16875,1.43416
1695921979.67973,0.97699,0.00045,-0.21326,0.01590,0.99706,0.07494,0.21267,-0.07661,0.97412,-0.26987,-0.18828,1.40429
1695921979.82893,0.97315,0.00853,-0.23000,0.00953,0.99696,0.07730,0.22996,-0.07742,0.97012,-0.26577,-0.19495,1.36726
1695921979.97187,0.97926,-0.00348,-0.20258,0.01341,0.99877,0.04766,0.20217,-0.04939,0.97811,-0.26113,-0.21070,1.34111
1695921980.11509,0.97386,0.00480,-0.22711,0.01359,0.99675,0.07936,0.22675,-0.08037,0.97063,-0.26365,-0.19765,1.31335
1695921980.27022,0.97800,0.00145,-0.20861,0.00886,0.99879,0.04846,0.20843,-0.04924,0.97680,-0.26607,-0.20534,1.28812
1695922026.68631,0.93305,0.02273,0.35904,0.05893,0.97486,-0.21486,-0.35490,0.22163,0.90825,0.35437,0.00185,4.89230
1695922027.20482,0.98674,-0.04567,-0.15573,0.01338,0.97922,-0.20237,0.16174,0.19761,0.96685,0.66151,-0.01779,4.82220
1695922027.51316,0.91592,-0.05530,0.39753,0.02249,0.99598,0.08672,-0.40073,-0.07049,0.91348,0.83776,-0.01208,4.77188
1695922028.45732,0.97208,0.02177,0.23365,0.02549,0.97999,-0.19738,-0.23327,0.19783,0.95208,0.23072,-0.14136,4.68399
1695922028.66314,0.99995,-0.00767,-0.00570,0.00764,0.99996,-0.00489,0.00573,0.00484,0.99997,0.21450,-0.18107,4.69584
1695922029.07352,0.96966,0.01561,0.24397,0.02947,0.98322,-0.18002,-0.24269,0.18175,0.95293,0.20976,-0.14889,4.57718
1695922029.48800,0.99946,-0.03277,0.00107,0.03278,0.99805,-0.05315,0.00067,0.05316,0.99859,0.23001,-0.11779,4.62730
1695922029.59080,0.99818,-0.02605,0.05430,0.02890,0.99821,-0.05236,-0.05284,0.05383,0.99715,0.22792,-0.13347,4.58877
1695922029.71074,0.98197,0.00172,-0.18905,0.03178,0.98423,0.17403,0.18637,-0.17690,0.96642,0.20153,-0.14138,4.38759
1695922029.83579,0.99121,-0.00284,-0.13228,0.02440,0.98655,0.16162,0.13005,-0.16342,0.97795,0.19002,-0.11854,4.46197
1695922032.40903,0.97543,-0.05549,-0.21322,0.04639,0.99780,-0.04746,0.21538,0.03641,0.97585,-0.85446,-0.11979,4.02875
1695922032.61549,0.96027,-0.09578,-0.26212,0.03962,0.97653,-0.21170,0.27625,0.19291,0.94153,-0.76311,-0.09784,3.92661
1695922032.72464,0.99389,-0.04484,-0.10082,0.03286,0.99253,-0.11753,0.10534,0.11350,0.98794,-0.73355,-0.13682,3.90916
1695922032.84888,0.99577,-0.06155,-0.06825,0.04254,0.96695,-0.25140,0.08147,0.24743,0.96548,-0.68963,-0.13361,3.84462
1695922032.99827,0.97887,-0.05211,-0.19774,0.04223,0.99766,-0.05384,0.20008,0.04436,0.97877,-0.64763,-0.11506,3.89735
1695922033.18790,0.98416,-0.06136,-0.16633,0.02610,0.97811,-0.20643,0.17535,0.19882,0.96422,-0.58546,-0.13344,3.85297
1695922033.30252,0.93924,0.00542,-0.34322,0.04058,0.99111,0.12672,0.34085,-0.13295,0.93067,-0.53014,-0.16375,3.78816
1695922033.44183,0.99237,-0.04434,-0.11508,0.03894,0.99805,-0.04874,0.11701,0.04389,0.99216,-0.50350,-0.12991,3.88243
1695922033.63011,0.96933,-0.05085,-0.24044,0.01049,0.98603,-0.16625,0.24554,0.15863,0.95632,-0.38370,-0.14355,3.82811
1695922033.74068,0.99489,-0.05567,0.08428,0.04947,0.99604,0.07390,-0.08806,-0.06935,0.99370,-0.35496,-0.13957,3.80950
1695922033.82881,0.99721,-0.02894,0.06888,0.04028,0.98472,-0.16941,-0.06292,0.17171,0.98314,-0.30559,-0.10889,3.76794
1695922033.94996,0.99688,-0.03561,-0.07050,0.03269,0.99858,-0.04210,0.07190,0.03967,0.99662,-0.25726,-0.12387,3.82845
1695922034.09236,0.96070,-0.00860,-0.27745,0.03419,0.99557,0.08753,0.27547,-0.09358,0.95674,-0.19497,-0.11739,3.72649
1695922034.20993,0.99106,-0.05945,-0.11942,0.03322,0.97699,-0.21067,0.12919,0.20482,0.97024,-0.17743,-0.12222,3.75572
1695922034.35135,0.99890,-0.03393,-0.03228,0.02936,0.99069,-0.13294,0.03649,0.13185,0.99060,-0.13522,-0.10895,3.75698
1695922034.48887,0.99872,-0.04159,-0.02874,0.03991,0.99760,-0.05661,0.03102,0.05539,0.99798,-0.10414,-0.13210,3.78071
1695922034.62531,0.99882,-0.02837,0.03934,0.02844,0.99959,-0.00109,-0.03929,0.00221,0.99923,-0.05871,-0.13986,3.74002
1695922034.95024,0.99924,-0.03226,0.02205,0.03314,0.99862,-0.04075,-0.02071,0.04145,0.99893,0.06712,-0.10754,3.69124
1695922035.05206,0.99864,-0.03083,0.04198,0.03182,0.99923,-0.02301,-0.04124,0.02432,0.99885,0.13671,-0.10667,3.64160
1695922035.26262,0.98709,-0.02264,0.15857,0.03953,0.99377,-0.10418,-0.15522,0.10910,0.98184,0.21017,-0.09075,3.54573
1695922035.35159,0.99907,-0.02491,0.03521,0.02465,0.99967,0.00769,-0.03539,-0.00682,0.99935,0.24698,-0.08236,3.57873
1695922035.49819,0.99933,-0.03009,-0.02065,0.03241,0.99183,0.12334,0.01677,-0.12393,0.99215,0.26627,-0.08523,3.52431
1695922035.82451,0.99790,-0.02282,0.06062,0.02392,0.99956,-0.01734,-0.06019,0.01875,0.99801,0.38651,-0.11480,3.46108
1695922035.92351,0.95465,0.00869,0.29759,0.03368,0.99001,-0.13694,-0.29581,0.14076,0.94482,0.40020,-0.10579,3.39209
1695922036.06287,0.98006,-0.02621,0.19699,0.01991,0.99923,0.03391,-0.19772,-0.02931,0.97982,0.43127,-0.08841,3.40214
1695922036.20338,0.99871,-0.01839,-0.04730,0.01940,0.99959,0.02106,0.04690,-0.02195,0.99866,0.48141,-0.11712,3.35024
1695922036.34480,0.96691,-0.01017,0.25490,0.03134,0.99637,-0.07910,-0.25317,0.08447,0.96373,0.50758,-0.12148,3.34612
1695922036.49518,0.98442,-0.01502,0.17518,0.01994,0.99945,-0.02634,-0.17468,0.02942,0.98418,0.54554,-0.11793,3.30839
1695922036.69280,0.98856,-0.01909,0.14959,0.02065,0.99975,-0.00888,-0.14938,0.01187,0.98871,0.60362,-0.11351,3.25635
1695922036.80743,0.96997,0.00174,0.24323,0.02346,0.99464,-0.10068,-0.24211,0.10336,0.96473,0.62672,-0.13574,3.21176
1695922036.95423,0.99678,-0.03669,0.07130,0.02614,0.98929,0.14361,-0.07581,-0.14128,0.98706,0.64449,-0.13560,3.14251
1695922037.09452,0.99732,-0.03435,0.06467,0.02457,0.98893,0.14636,-0.06898,-0.14438,0.98711,0.68870,-0.12276,3.11281
1695922037.22409,0.99629,-0.01848,0.08409,0.01477,0.99890,0.04449,-0.08482,-0.04308,0.99546,0.73495,-0.10591,3.09422
1695922037.43952,0.99278,-0.02575,0.11713,0.02018,0.99862,0.04848,-0.11822,-0.04577,0.99193,0.38194,-0.11434,3.15480
1695922037.53412,0.99960,-0.02827,-0.00110,0.02822,0.99373,0.10819,-0.00197,-0.10817,0.99413,0.37603,-0.12635,3.12591
1695922037.67220,0.99489,-0.01689,0.09951,0.01805,0.99978,-0.01080,-0.09931,0.01254,0.99498,0.35532,-0.12226,3.12981
1695922037.72731,0.99470,-0.01640,0.10151,0.01915,0.99947,-0.02619,-0.10103,0.02799,0.99449,0.33387,-0.13698,3.10455
1695922037.87669,0.99964,-0.02230,0.01466,0.02274,0.99927,-0.03068,-0.01397,0.03100,0.99942,0.31162,-0.12925,3.10306
1695922038.00076,0.97183,-0.01276,0.23534,0.03086,0.99683,-0.07339,-0.23366,0.07858,0.96914,0.29796,-0.15037,3.07966
1695922038.21490,0.99885,-0.00519,0.04770,0.01286,0.98672,-0.16195,-0.04623,0.16237,0.98565,0.24313,-0.10724,3.02477
1695922038.31516,0.99977,-0.01940,-0.00880,0.01975,0.99894,0.04148,0.00799,-0.04165,0.99910,0.22145,-0.13040,3.01637
1695922038.46337,0.99188,-0.02244,-0.12517,0.01982,0.99956,-0.02214,0.12561,0.01948,0.99189,0.19836,-0.12681,2.97860
1695922038.60651,0.98638,-0.00459,0.16441,0.03526,0.98227,-0.18415,-0.16065,0.18744,0.96905,0.16704,-0.12073,2.97457
1695922038.73249,0.99783,-0.01670,-0.06366,0.02399,0.99301,0.11559,0.06128,-0.11686,0.99126,0.15366,-0.13404,2.92627
1695922038.87608,0.99917,-0.01493,0.03789,0.01609,0.99940,-0.03054,-0.03741,0.03112,0.99882,0.13327,-0.14337,2.93398
1695922039.01242,0.99004,-0.01304,-0.14021,0.02241,0.99761,0.06539,0.13902,-0.06788,0.98796,0.10684,-0.12371,2.91207
1695922039.14661,0.99875,-0.02821,0.04124,0.02213,0.98974,0.14113,-0.04480,-0.14004,0.98913,0.07807,-0.12891,2.87342
1695922039.28062,0.99946,-0.01991,-0.02600,0.01452,0.98108,-0.19305,0.02935,0.19257,0.98084,0.05958,-0.13574,2.87313
1695922039.41479,0.99900,-0.01960,0.04030,0.01637,0.99674,0.07894,-0.04172,-0.07820,0.99606,0.05069,-0.12212,2.86017
1695922039.55015,0.99305,-0.02295,-0.11546,0.02580,0.99940,0.02323,0.11486,-0.02605,0.99304,0.02079,-0.14940,2.81285
1695922039.68803,0.99936,-0.02572,0.02490,0.02502,0.99930,0.02783,-0.02560,-0.02719,0.99930,0.00400,-0.14963,2.80101
1695922039.91355,0.99766,-0.02291,-0.06445,0.02111,0.99937,-0.02844,0.06506,0.02702,0.99752,-0.06207,-0.15805,2.75784
1695922040.02753,0.97957,-0.01794,0.20028,0.04888,0.98739,-0.15060,-0.19505,0.15731,0.96810,-0.09472,-0.15784,2.69930
1695922040.16499,0.99890,-0.02816,0.03751,0.03348,0.98817,-0.14969,-0.03285,0.15078,0.98802,-0.12553,-0.14076,2.69107
1695922040.25234,0.99867,-0.02611,0.04438,0.02530,0.99950,0.01875,-0.04485,-0.01760,0.99884,-0.15628,-0.11415,2.67501
1695922040.40145,0.99926,-0.02958,0.02473,0.02977,0.99953,-0.00742,-0.02450,0.00815,0.99967,-0.18902,-0.11338,2.64557
1695922040.55072,0.99939,-0.03349,0.00945,0.03467,0.98146,-0.18849,-0.00296,0.18871,0.98203,-0.20805,-0.12305,2.63079
1695922040.70222,0.97965,-0.01010,-0.20045,0.03109,0.99431,0.10184,0.19828,-0.10600,0.97440,-0.23164,-0.12970,2.57887
1695922040.83196,0.99927,-0.02812,-0.02587,0.02818,0.99960,0.00187,0.02581,-0.00260,0.99966,-0.25185,-0.13257,2.58060
1695922040.97038,0.96738,-0.01786,-0.25271,0.01813,0.99983,-0.00126,0.25269,-0.00336,0.96754,-0.28382,-0.14306,2.52911
1695922041.10776,0.95437,-0.00644,-0.29857,0.02615,0.99773,0.06208,0.29749,-0.06706,0.95237,-0.29276,-0.14925,2.49326
1695922041.24359,0.96998,-0.00354,-0.24316,0.02863,0.99460,0.09971,0.24149,-0.10368,0.96485,-0.32217,-0.15361,2.45827
1695922041.38799,0.97996,-0.01220,-0.19883,0.02989,0.99583,0.08620,0.19694,-0.09042,0.97624,-0.35234,-0.15657,2.42113
1695922041.53674,0.96611,-0.00038,-0.25815,0.03240,0.99227,0.11979,0.25611,-0.12409,0.95865,-0.37068,-0.16518,2.36150
1695922041.66004,0.96177,-0.00951,-0.27370,0.02657,0.99792,0.05867,0.27258,-0.06370,0.96002,-0.39282,-0.17133,2.34937
1695922041.80870,0.99738,-0.04976,-0.05251,0.03920,0.98180,-0.18583,0.06080,0.18329,0.98118,-0.41452,-0.16441,2.31964
1695922041.95283,0.97196,0.00089,-0.23516,0.03320,0.98946,0.14098,0.23280,-0.14484,0.96168,-0.43060,-0.15595,2.26555
1695922042.09562,0.99647,-0.05489,-0.06354,0.04040,0.97682,-0.21022,0.07360,0.20691,0.97559,-0.45804,-0.15039,2.24737
1695922042.23574,0.97035,-0.00998,-0.24150,0.03404,0.99483,0.09568,0.23930,-0.10106,0.96567,-0.49257,-0.15084,2.21182
1695922042.36833,0.97603,-0.00604,-0.21754,0.02848,0.99456,0.10015,0.21575,-0.10395,0.97090,-0.50348,-0.16666,2.17884
1695922042.50507,0.96120,0.00065,-0.27584,0.02718,0.99491,0.09704,0.27450,-0.10077,0.95629,-0.51986,-0.16561,2.14840
1695922042.65289,0.95006,0.01282,-0.31181,0.02980,0.99087,0.13152,0.31064,-0.13424,0.94100,-0.53312,-0.17858,2.11256
1695922042.79623,0.95921,0.00743,-0.28259,0.02681,0.99276,0.11712,0.28141,-0.11992,0.95206,-0.55299,-0.18198,2.08237
1695922042.92992,0.97472,-0.00111,-0.22342,0.02213,0.99555,0.09162,0.22232,-0.09424,0.97041,-0.56718,-0.16574,2.04846
1695922043.05413,0.94827,0.02014,-0.31683,0.01048,0.99546,0.09464,0.31729,-0.09307,0.94375,-0.58470,-0.16824,2.02709
1695922043.18341,0.93107,0.02122,-0.36422,0.01558,0.99508,0.09780,0.36450,-0.09673,0.92616,-0.60839,-0.15491,1.99278
1695922043.34323,0.93438,0.01317,-0.35603,0.02306,0.99499,0.09731,0.35552,-0.09914,0.92939,-0.63062,-0.15512,1.97548
1695922043.47585,0.92675,0.02639,-0.37474,0.02547,0.99082,0.13277,0.37481,-0.13259,0.91757,-0.65118,-0.14313,1.93018
1695922043.61935,0.92441,0.02562,-0.38053,0.02411,0.99182,0.12534,0.38063,-0.12504,0.91623,-0.66689,-0.14541,1.90006
1695922043.75789,0.93009,0.01310,-0.36709,0.02963,0.99343,0.11052,0.36612,-0.11368,0.92360,-0.67596,-0.15157,1.87258
1695922044.16272,0.96414,-0.01891,0.26472,0.00300,0.99817,0.06038,-0.26538,-0.05742,0.96243,0.36035,-0.14386,1.93179
1695922044.26789,0.97444,-0.00625,0.22456,-0.00683,0.99833,0.05741,-0.22455,-0.05748,0.97277,0.39707,-0.15923,1.88622
1695922044.42086,0.97137,-0.01716,0.23697,0.00235,0.99803,0.06264,-0.23758,-0.06029,0.96950,0.42411,-0.16558,1.84568
1695922044.55551,0.96579,-0.02856,0.25774,0.00210,0.99475,0.10233,-0.25931,-0.09828,0.96078,0.44363,-0.15608,1.81172
1695922044.70788,0.97203,-0.03327,0.23247,0.00732,0.99373,0.11159,-0.23473,-0.10676,0.96618,0.45285,-0.16853,1.78014
1695922044.85436,0.95765,-0.03171,0.28617,0.00455,0.99546,0.09508,-0.28788,-0.08975,0.95345,0.46834,-0.17177,1.76052
1695922045.00155,0.97479,-0.02536,0.22169,0.00230,0.99461,0.10367,-0.22312,-0.10054,0.96959,0.47997,-0.16593,1.73244
1695922045.15049,0.96942,-0.02282,0.24433,-0.00014,0.99561,0.09356,-0.24539,-0.09073,0.96517,0.49609,-0.16841,1.72014
1695922045.23202,0.96082,-0.01157,0.27692,0.00288,0.99949,0.03178,-0.27715,-0.02974,0.96037,0.51083,-0.16014,1.69966
1695922045.38079,0.96268,-0.01898,0.26999,-0.00438,0.99632,0.08565,-0.27062,-0.08364,0.95905,0.53484,-0.16237,1.67225
1695922045.50037,0.95475,-0.01807,0.29686,0.00063,0.99827,0.05874,-0.29741,-0.05589,0.95311,0.55378,-0.17504,1.64686
1695922045.63565,0.97941,-0.00992,0.20164,0.00040,0.99889,0.04717,-0.20189,-0.04612,0.97832,0.57664,-0.17476,1.59173
1695922045.78635,0.97533,-0.00015,0.22073,-0.00128,0.99998,0.00634,-0.22073,-0.00646,0.97531,0.59740,-0.18166,1.56898
1695922045.92765,0.95680,-0.02405,0.28977,0.00707,0.99820,0.05950,-0.29068,-0.05488,0.95525,0.61044,-0.16977,1.53732
1695922046.08133,0.95626,-0.01934,0.29189,0.00933,0.99932,0.03564,-0.29238,-0.03136,0.95579,0.61649,-0.16819,1.52350
1695922046.22211,0.96596,-0.01958,0.25795,0.00293,0.99790,0.06477,-0.25868,-0.06181,0.96398,0.62910,-0.17009,1.49141
1695922046.36179,0.96539,-0.01485,0.26040,-0.00058,0.99825,0.05908,-0.26082,-0.05718,0.96369,0.64501,-0.15739,1.47094
1695922046.50078,0.94980,-0.02027,0.31220,0.00106,0.99810,0.06157,-0.31285,-0.05815,0.94802,0.66369,-0.16012,1.44073
1695922046.65245,0.95375,-0.01841,0.30005,0.00030,0.99818,0.06029,-0.30061,-0.05741,0.95202,0.67795,-0.15122,1.40944
1695922090.52339,0.93910,-0.07352,-0.33570,0.00985,0.98221,-0.18755,0.34351,0.17282,0.92311,-0.82669,-0.00497,5.18410
1695922090.75231,0.99926,-0.03113,0.02281,0.03362,0.99237,-0.11859,-0.01894,0.11927,0.99268,-0.71144,0.00727,5.13531
1695922091.47121,0.94669,-0.00806,-0.32206,0.04417,0.99349,0.10496,0.31911,-0.11359,0.94088,-0.37660,-0.03353,4.99838
1695922091.99063,0.99531,-0.01375,-0.09575,0.01482,0.99984,0.01048,0.09560,-0.01185,0.99535,-0.16405,-0.00591,5.08447
1695922092.93315,0.94174,-0.00093,0.33635,0.05097,0.98884,-0.13999,-0.33247,0.14898,0.93127,0.27082,-0.01777,4.78631
1695922093.14172,0.96621,-0.00167,-0.25774,-0.09195,0.93194,-0.35075,0.24078,0.36260,0.90030,0.35169,-0.02196,4.62587
1695922093.34502,0.99965,-0.02532,-0.00792,0.02505,0.99916,-0.03240,0.00873,0.03219,0.99944,-0.09172,-0.06582,4.89160
1695922093.75415,0.99852,-0.02358,-0.04890,0.02198,0.99921,-0.03312,0.04965,0.03199,0.99825,-0.18760,-0.12617,4.78273
1695922094.47821,0.94658,0.00532,-0.32243,0.03146,0.99357,0.10875,0.32093,-0.11309,0.94033,-0.32950,-0.11445,4.49084
1695922094.57832,0.99459,-0.03348,-0.09837,0.02987,0.99883,-0.03798,0.09952,0.03484,0.99443,-0.34874,-0.11898,4.61532
1695922095.19141,0.99618,-0.02357,-0.08408,0.01709,0.99689,-0.07695,0.08563,0.07522,0.99348,-0.44608,-0.11885,4.51513
1695922095.30294,0.94058,-0.00800,-0.33947,0.08606,0.97270,0.21551,0.32848,-0.23192,0.91560,-0.46838,-0.13237,4.42551
1695922095.44696,0.98658,-0.02580,-0.16125,0.01158,0.99601,-0.08849,0.16289,0.08543,0.98294,-0.49478,-0.09911,4.39986
1695922095.58707,0.99713,-0.01759,0.07359,0.01944,0.99951,-0.02450,-0.07312,0.02586,0.99699,-0.50370,-0.08419,4.35001
1695922095.70468,0.99787,-0.06500,-0.00489,0.06369,0.98825,-0.13897,0.01386,0.13836,0.99028,-0.53467,-0.07954,4.36614
1695922095.84000,0.99089,-0.02273,0.13273,0.00534,0.99151,0.12996,-0.13456,-0.12807,0.98260,-0.52601,-0.09806,4.31839
1695922095.97428,0.99612,-0.01773,-0.08623,0.00656,0.99173,-0.12817,0.08779,0.12710,0.98800,-0.52140,-0.09780,4.31069
1695922096.11689,0.99518,-0.02319,0.09525,0.01417,0.99544,0.09434,-0.09700,-0.09254,0.99097,-0.50693,-0.08405,4.25425
1695922096.42766,0.96931,-0.06706,-0.23650,0.01682,0.97790,-0.20838,0.24525,0.19801,0.94902,-0.54489,-0.09674,4.24355
1695922096.53459,0.97290,-0.07607,-0.21837,0.03558,0.98234,-0.18367,0.22849,0.17093,0.95842,-0.55306,-0.07904,4.21717
1695922096.66786,0.99901,-0.02148,0.03889,0.01849,0.99696,0.07574,-0.04039,-0.07495,0.99637,-0.55969,-0.09693,4.11432
1695922096.79533,0.98302,-0.03739,-0.17966,0.02733,0.99793,-0.05813,0.18146,0.05224,0.98201,-0.57977,-0.10368,4.17428
1695922096.93097,0.99395,-0.05401,-0.09568,0.05623,0.99820,0.02062,0.09440,-0.02587,0.99520,-0.56847,-0.09375,4.12655
1695922097.06517,0.99694,-0.05218,-0.05826,0.03784,0.97370,-0.22466,0.06845,0.22177,0.97269,-0.58637,-0.12845,4.04781
1695922097.20240,0.99945,-0.03119,0.01130,0.03113,0.99950,0.00580,-0.01148,-0.00544,0.99992,-0.57942,-0.10905,4.06347
1695922097.32519,0.97612,-0.02534,-0.21577,0.02327,0.99966,-0.01214,0.21600,0.00683,0.97637,-0.63170,-0.12738,4.04630
1695922097.45818,0.99742,-0.03873,-0.06040,0.03116,0.99208,-0.12167,0.06464,0.11947,0.99073,-0.64258,-0.10759,3.98382
1695922097.60903,0.96628,0.00953,-0.25731,0.03720,0.98366,0.17612,0.25479,-0.17976,0.95014,-0.68558,-0.11119,3.92328
1695922097.79261,0.97922,-0.04803,-0.19702,0.04447,0.99876,-0.02247,0.19785,0.01325,0.98014,-0.74418,-0.11249,3.93558
1695922097.92167,0.95863,0.00949,-0.28450,0.03610,0.98732,0.15457,0.28236,-0.15845,0.94613,-0.75812,-0.10530,3.83460
1695922098.06362,0.97891,-0.04772,-0.19866,0.03778,0.99785,-0.05351,0.20078,0.04487,0.97861,-0.77975,-0.12922,3.85437
1695922098.19730,0.98232,-0.06050,-0.17715,0.03760,0.99081,-0.12990,0.18338,0.12094,0.97558,-0.79174,-0.11105,3.80984
1695922098.33827,0.99496,-0.05567,-0.08338,0.04365,0.98925,-0.13957,0.09026,0.13523,0.98669,-0.80509,-0.12497,3.74978
1695922098.45891,0.91115,-0.00753,-0.41202,0.03897,0.99693,0.06795,0.41024,-0.07797,0.90864,-0.82930,-0.10382,3.71809
1695922098.58852,0.91110,0.00997,-0.41207,0.03249,0.99486,0.09590,0.41091,-0.10076,0.90609,-0.83763,-0.13328,3.69832
1695922098.73219,0.96642,0.01346,-0.25661,0.03798,0.98018,0.19443,0.25414,-0.19765,0.94676,-0.86350,-0.14045,3.64201
1695922098.85630,0.95233,-0.10791,-0.28535,0.03582,0.96844,-0.24667,0.30296,0.22469,0.92614,-0.87344,-0.14846,3.65180
1695922098.95115,0.94402,-0.10777,-0.31179,0.03446,0.97218,-0.23169,0.32808,0.20798,0.92147,-0.90124,-0.14762,3.62088
1695922099.03920,0.95436,-0.11976,-0.27360,0.04629,0.96433,-0.26064,0.29505,0.23608,0.92586,-0.92174,-0.14446,3.55700
1695922099.17602,0.97619,-0.01757,-0.21619,0.03919,0.99460,0.09611,0.21334,-0.10229,0.97161,-0.94791,-0.14662,3.57484
1695922099.30548,0.96046,-0.06008,-0.27184,0.04805,0.99756,-0.05070,0.27423,0.03563,0.96101,-0.97870,-0.14576,3.55122
1695922099.45704,0.89740,0.00924,-0.44112,0.04899,0.99151,0.12044,0.43849,-0.12970,0.88933,-0.97941,-0.14857,3.47328
1695922099.58771,0.93423,0.01718,-0.35625,0.03755,0.98855,0.14613,0.35468,-0.14990,0.92289,-1.01170,-0.15085,3.49166
1695922099.73022,0.97590,-0.05584,-0.21093,0.04331,0.99704,-0.06358,0.21386,0.05291,0.97543,-1.02688,-0.15365,3.48968
1695922099.84988,0.92728,0.01636,-0.37401,0.03751,0.98996,0.13629,0.37248,-0.14041,0.91736,-1.02505,-0.13916,3.43745
1695922099.98909,0.98161,-0.05819,-0.18182,0.04814,0.99708,-0.05920,0.18474,0.04936,0.98155,-1.05656,-0.14406,3.43459
1695922100.13905,0.95200,-0.08737,-0.29335,0.04232,0.98676,-0.15655,0.30315,0.13662,0.94310,-1.07501,-0.12514,3.43004
1695922100.28074,0.95461,-0.04414,-0.29457,0.04198,0.99902,-0.01368,0.29489,0.00069,0.95553,-1.10196,-0.14819,3.40777
1695922100.41091,0.94376,-0.03228,-0.32906,0.04076,0.99899,0.01890,0.32812,-0.03125,0.94412,-1.11174,-0.12917,3.35634
1695922100.55502,0.93913,-0.04904,-0.34005,0.03980,0.99863,-0.03410,0.34126,0.01849,0.93979,-1.12376,-0.12553,3.33717
1695922100.70062,0.96003,-0.04267,-0.27664,0.03956,0.99908,-0.01680,0.27710,0.00519,0.96083,-1.11548,-0.13868,3.31107
1695922100.86419,0.94724,-0.04708,-0.31705,0.04335,0.99888,-0.01881,0.31758,0.00407,0.94822,-1.16005,-0.15415,3.25809
1695922101.00600,0.93490,-0.06098,-0.34963,0.04658,0.99769,-0.04945,0.35184,0.02994,0.93558,-1.16202,-0.14343,3.22562
1695922101.15801,0.93447,-0.04345,-0.35337,0.03551,0.99895,-0.02891,0.35425,0.01447,0.93504,-1.18701,-0.14900,3.19968
1695922101.28568,0.98258,-0.04731,-0.17970,0.04109,0.99843,-0.03819,0.18123,0.03014,0.98298,-1.19301,-0.16403,3.13804
1695922101.42467,0.85686,-0.04916,-0.51319,0.02372,0.99815,-0.05601,0.51500,0.03582,0.85644,-1.21365,-0.17878,3.12312
1695922101.56986,0.89203,-0.06036,-0.44793,0.02641,0.99631,-0.08166,0.45121,0.06102,0.89033,-1.23330,-0.16791,3.09233
1695922101.71498,0.85164,0.02138,-0.52368,0.03708,0.99421,0.10089,0.52281,-0.10534,0.84592,-1.24966,-0.15894,3.04124
1695922102.02551,0.99897,-0.02336,-0.03894,0.02283,0.99964,-0.01407,0.03925,0.01317,0.99914,-0.19129,-0.15877,3.28777
1695922102.24565,0.98699,-0.01641,0.15996,0.03547,0.99249,-0.11707,-0.15684,0.12123,0.98016,-0.09614,-0.15334,3.21834
1695922102.33764,0.99569,-0.00987,-0.09221,0.01705,0.99686,0.07733,0.09116,-0.07857,0.99273,-0.06046,-0.14603,3.19798
1695922102.42421,0.98841,-0.01269,-0.15129,0.01837,0.99918,0.03618,0.15071,-0.03854,0.98783,-0.01605,-0.13324,3.17317
1695922102.57229,0.99171,-0.01478,0.12765,0.02039,0.99888,-0.04277,-0.12688,0.04502,0.99090,0.00848,-0.14145,3.17730
1695922102.71600,0.99981,-0.00942,0.01698,0.00990,0.99954,-0.02878,-0.01670,0.02895,0.99944,0.04706,-0.15438,3.15346
1695922102.84819,0.97775,-0.01068,0.20949,0.04140,0.98889,-0.14280,-0.20564,0.14830,0.96733,0.07096,-0.16053,3.07961
1695922102.98178,0.99541,-0.01218,0.09492,0.01337,0.99984,-0.01192,-0.09476,0.01314,0.99541,0.10250,-0.15733,3.11261
1695922103.10320,0.99992,-0.00772,-0.00980,0.00656,0.99362,-0.11258,0.01061,0.11250,0.99359,0.14406,-0.14351,3.09441
1695922103.25133,0.96719,-0.02208,0.25311,0.02483,0.99966,-0.00766,-0.25285,0.01369,0.96741,0.17507,-0.15147,3.03561
1695922103.37411,0.99961,-0.01139,-0.02546,0.01088,0.99974,-0.01988,0.02568,0.01960,0.99948,0.21618,-0.14859,3.02178
1695922103.50885,0.99905,0.00819,0.04269,0.00057,0.97952,-0.20136,-0.04346,0.20120,0.97859,0.27937,-0.15190,2.98575
1695922103.64075,0.94856,0.01459,0.31625,0.03367,0.98862,-0.14660,-0.31479,0.14971,0.93728,0.32387,-0.17071,2.92045
1695922103.77093,0.99496,0.00224,0.10024,0.00774,0.99505,-0.09909,-0.09996,0.09936,0.99002,0.36876,-0.17080,2.92579
1695922103.90501,0.99092,-0.01146,0.13396,0.01233,0.99991,-0.00561,-0.13388,0.00721,0.99097,0.40085,-0.15257,2.89181
1695922104.03776,0.98615,-0.00860,0.16564,0.01705,0.99862,-0.04966,-0.16498,0.05180,0.98494,0.43824,-0.14325,2.87430
1695922104.18355,0.98412,-0.03496,0.17402,0.00968,0.98953,0.14402,-0.17723,-0.14005,0.97415,0.46342,-0.15301,2.80896
1695922104.28809,0.96815,-0.03033,0.24852,0.01210,0.99714,0.07456,-0.25007,-0.06918,0.96575,0.49406,-0.15781,2.78113
1695922104.42854,0.94211,0.01142,0.33512,0.01912,0.99596,-0.08769,-0.33477,0.08902,0.93809,0.52623,-0.16934,2.74551
1695922104.56480,0.98360,-0.00991,0.18010,0.00828,0.99992,0.00981,-0.18019,-0.00816,0.98360,0.57039,-0.15402,2.73007
1695922104.69151,0.91878,0.00637,0.39472,0.02041,0.99777,-0.06360,-0.39424,0.06649,0.91660,0.59996,-0.15443,2.67801
1695922104.83095,0.93815,-0.03645,0.34431,0.00305,0.99528,0.09704,-0.34622,-0.08999,0.93383,0.65671,-0.16385,2.62742
1695922104.97302,0.97476,-0.04209,0.21925,0.01987,0.99453,0.10258,-0.22237,-0.09564,0.97026,0.65653,-0.16678,2.59454
1695922105.11928,0.97711,-0.03772,0.20939,0.00669,0.98912,0.14697,-0.21265,-0.14221,0.96672,0.68916,-0.14480,2.59565
1695922105.24387,0.98185,-0.03973,0.18543,0.01607,0.99172,0.12740,-0.18896,-0.12211,0.97436,0.71813,-0.14977,2.52708
1695922105.38318,0.97317,-0.03914,0.22674,0.01636,0.99470,0.10149,-0.22951,-0.09506,0.96865,0.74515,-0.12724,2.52781
1695922105.52428,0.96694,-0.04078,0.25173,0.01070,0.99275,0.11972,-0.25479,-0.11307,0.96036,0.77817,-0.11552,2.49674
1695922105.64778,0.94590,-0.02725,0.32331,0.00960,0.99838,0.05608,-0.32431,-0.04994,0.94463,0.80727,-0.13027,2.48250
1695922105.79961,0.85918,0.04400,0.50977,0.01097,0.99448,-0.10434,-0.51155,0.09524,0.85396,0.85042,-0.11086,2.41969
1695922105.95069,0.84687,0.06151,0.52823,0.02479,0.98764,-0.15475,-0.53122,0.14415,0.83488,0.89510,-0.12947,2.40959
1695922106.08783,0.96168,0.00617,0.27412,-0.00254,0.99990,-0.01360,-0.27417,0.01238,0.96160,0.92236,-0.12249,2.36704
1695922106.22247,0.93079,-0.00223,0.36554,0.00328,0.99999,-0.00225,-0.36553,0.00330,0.93079,0.95550,-0.15412,2.33351
1695922106.36503,0.96102,-0.02346,0.27548,0.00706,0.99815,0.06035,-0.27639,-0.05605,0.95941,0.96918,-0.16397,2.28394
1695922106.51224,0.95978,-0.02009,0.28004,0.00417,0.99835,0.05731,-0.28072,-0.05384,0.95828,0.99157,-0.13987,2.26764
1695922106.66782,0.94840,-0.03157,0.31550,0.00365,0.99605,0.08870,-0.31705,-0.08298,0.94477,1.02513,-0.15426,2.25898
1695922106.80352,0.93899,-0.00864,0.34383,0.00177,0.99979,0.02029,-0.34394,-0.01845,0.93881,1.04347,-0.15619,2.20327
1695922106.94853,0.79865,0.06821,0.59792,0.01588,0.99082,-0.13423,-0.60158,0.11670,0.79024,1.06792,-0.14532,2.16564
1695922149.32338,0.92130,-0.06622,-0.38317,-0.02395,0.97386,-0.22589,0.38811,0.21728,0.89563,-1.03805,-0.07111,4.85515
1695922150.86901,0.97520,-0.04550,-0.21658,0.03793,0.99852,-0.03898,0.21803,0.02979,0.97549,-1.31173,-0.04514,4.63280
1695922150.97379,0.94291,-0.08121,-0.32300,0.02085,0.98230,-0.18613,0.33240,0.16877,0.92792,-1.27284,-0.07591,4.60163
1695922151.50185,0.95952,-0.05885,-0.27542,0.04154,0.99680,-0.06829,0.27855,0.05408,0.95890,-1.39034,-0.23958,4.53766
1695922152.94936,0.99788,-0.01085,-0.06415,0.01754,0.99435,0.10470,0.06266,-0.10560,0.99243,0.37966,-0.11782,4.44746
1695922153.25160,0.99550,0.00407,0.09465,0.01323,0.98331,-0.18147,-0.09381,0.18191,0.97883,0.62107,-0.09876,4.37856
1695922153.88791,0.91812,-0.00806,-0.39622,0.02668,0.99878,0.04151,0.39540,-0.04869,0.91722,-0.98296,-0.13164,4.10798
1695922153.99010,0.96859,-0.06439,-0.24020,0.05286,0.99713,-0.05414,0.24299,0.03974,0.96921,-1.08375,-0.12992,4.11848
1695922154.21067,0.97970,-0.02435,-0.19898,0.03154,0.99896,0.03303,0.19796,-0.03863,0.97945,-1.11203,-0.10950,4.02640
1695922154.42495,0.99761,-0.03711,-0.05837,0.03586,0.99911,-0.02233,0.05914,0.02018,0.99805,-1.16162,-0.12431,3.98412
1695922154.52914,0.98081,-0.05086,-0.18824,0.03401,0.99521,-0.09167,0.19200,0.08351,0.97784,-1.17524,-0.13482,3.96322
1695922154.67647,0.88615,0.02304,-0.46283,0.03926,0.99144,0.12451,0.46174,-0.12850,0.87766,-1.19711,-0.09519,3.91345
