1695899426.35389,0.74055,0.03407,-0.67114,0.04058,0.99462,0.09526,0.67078,-0.09778,0.73518,-2.45893,-0.07205,4.99522
1695899426.55790,0.99237,-0.04196,-0.11593,0.05987,0.98600,0.15563,0.10778,-0.16139,0.98099,-2.38234,-0.03186,4.96448
1695899426.66347,0.83091,-0.02327,-0.55592,0.04564,0.99861,0.02641,0.55453,-0.04732,0.83082,-2.42784,-0.04139,5.07768
1695899427.59832,0.98241,-0.07553,-0.17078,0.07837,0.99687,0.00994,0.16950,-0.02315,0.98526,-2.32149,-0.01887,4.96645
1695899428.22342,0.75498,0.02513,-0.65527,0.04697,0.99463,0.09227,0.65407,-0.10044,0.74974,-2.38087,-0.07806,4.87523
1695899428.43146,0.73104,0.03622,-0.68138,0.06652,0.99005,0.12399,0.67909,-0.13597,0.72135,-2.37801,-0.04853,4.80883
1695899428.53814,0.72820,0.06598,-0.68218,0.04844,0.98791,0.14727,0.68365,-0.14029,0.71620,-2.38066,-0.04397,4.81027
1695899433.59954,0.91564,-0.03645,0.40034,0.08123,0.99212,-0.09544,-0.39370,0.11991,0.91138,0.40093,-0.00109,4.99569
1695899434.21814,0.94067,0.02668,0.33827,0.03202,0.98548,-0.16677,-0.33780,0.16771,0.92616,0.54920,0.01994,4.88588
1695899434.43134,0.99438,-0.02562,-0.10274,0.03515,0.99514,0.09201,0.09988,-0.09510,0.99044,0.58258,0.03318,4.92067
1695899434.53312,0.99511,-0.01303,0.09794,0.01456,0.99978,-0.01496,-0.09772,0.01632,0.99508,0.59085,0.01665,4.98742
1695899434.66893,0.92311,-0.04199,0.38224,0.03956,0.99912,0.01421,-0.38250,0.00201,0.92396,0.60161,0.01417,4.90343
1695899434.80086,0.99158,-0.02363,0.12731,0.02546,0.99959,-0.01280,-0.12696,0.01593,0.99178,0.61762,0.01411,4.99504
1695899435.13583,0.95791,-0.00264,0.28707,0.02231,0.99762,-0.06529,-0.28621,0.06895,0.95568,0.69346,0.03454,4.89737
1695899435.34688,0.96947,-0.02722,0.24368,0.03099,0.99945,-0.01167,-0.24322,0.01886,0.96979,0.75761,-0.00417,4.86475
1695899435.45159,0.99699,-0.01833,-0.07528,0.02805,0.99109,0.13020,0.07222,-0.13192,0.98863,0.77132,-0.00057,4.77225
1695899435.59231,0.97889,-0.00973,0.20413,0.01798,0.99909,-0.03859,-0.20357,0.04145,0.97818,0.80404,-0.00277,4.86016
1695899435.72837,0.98685,-0.02267,0.16004,0.02033,0.99966,0.01626,-0.16036,-0.01279,0.98698,0.81116,-0.01269,4.83375
1695899436.14995,0.98357,-0.01551,0.17987,0.03837,0.99150,-0.12431,-0.17641,0.12917,0.97580,0.87746,-0.00215,4.79120
1695899436.26811,0.99781,-0.00539,0.06593,0.00383,0.99971,0.02387,-0.06604,-0.02356,0.99754,0.90281,-0.03287,4.74227
1695899436.40355,0.99300,-0.04403,0.10959,0.02426,0.98417,0.17556,-0.11559,-0.17167,0.97835,0.91375,0.00037,4.71964
1695899436.71434,0.91673,0.00327,0.39948,0.00844,0.99959,-0.02754,-0.39941,0.02861,0.91633,0.95787,-0.00241,4.68615
1695899436.82205,0.93793,0.03133,0.34539,0.02080,0.98904,-0.14621,-0.34619,0.14432,0.92700,0.97747,0.00149,4.64378
1695899437.04447,0.92903,-0.00317,0.37000,0.02230,0.99862,-0.04745,-0.36934,0.05233,0.92782,1.02548,-0.02598,4.64191
1695899437.14243,0.91741,0.03293,0.39659,0.00768,0.99492,-0.10038,-0.39788,0.09514,0.91249,1.04125,-0.01673,4.58857
1695899437.29391,0.99903,-0.03125,0.03118,0.02552,0.98518,0.16961,-0.03601,-0.16865,0.98502,1.04722,-0.01059,4.54425
1695899438.22618,0.98808,-0.03913,0.14889,0.05971,0.98886,-0.13634,-0.14189,0.14361,0.97941,0.09789,-0.12360,4.72148
1695899438.53976,0.95952,-0.00142,-0.28163,0.04537,0.98771,0.14959,0.27795,-0.15631,0.94779,-0.09115,-0.11880,4.57575
1695899438.64571,0.99899,-0.03993,-0.02072,0.03878,0.99784,-0.05307,0.02280,0.05221,0.99838,-0.10438,-0.15699,4.71499
1695899438.79547,0.99848,-0.03838,-0.03955,0.03614,0.99779,-0.05585,0.04161,0.05433,0.99766,-0.15028,-0.15440,4.70174
1695899438.93736,0.98463,-0.03150,0.17178,0.04777,0.99467,-0.09142,-0.16798,0.09822,0.98088,-0.20976,-0.13244,4.59498
1695899439.26942,0.98233,-0.06014,0.17725,0.04393,0.99460,0.09402,-0.18195,-0.08457,0.97966,-0.35536,-0.16306,4.55216
1695899439.67001,0.99164,-0.05731,-0.11559,0.05085,0.99702,-0.05805,0.11857,0.05169,0.99160,-0.61268,-0.14891,4.54421
1695899439.76718,0.99784,-0.04810,0.04479,0.05202,0.99450,-0.09089,-0.04017,0.09302,0.99485,-0.65307,-0.14747,4.50151
1695899440.12355,0.87911,-0.11448,-0.46266,0.05102,0.98775,-0.14745,0.47388,0.10602,0.87418,-0.79015,-0.13475,4.44100
1695899453.26376,0.92179,-0.03284,-0.38630,0.03577,0.99936,0.00039,0.38604,-0.01418,0.92237,-1.26215,-0.14364,3.09755
1695899453.57563,0.91987,-0.02783,-0.39123,0.03970,0.99896,0.02229,0.39020,-0.03603,0.92002,-1.35733,-0.15216,3.02800
1695899453.68306,0.91013,-0.02504,-0.41356,0.04090,0.99873,0.02954,0.41229,-0.04380,0.91000,-1.38152,-0.15446,3.00042
1695899453.81873,0.80531,-0.05978,-0.58983,0.02581,0.99750,-0.06586,0.59229,0.03781,0.80484,-1.40330,-0.15677,2.97818
1695899453.95638,0.96742,-0.04079,-0.24986,0.04336,0.99905,0.00480,0.24943,-0.01548,0.96827,-1.43137,-0.16609,2.93808
1695899457.37068,0.98144,-0.02366,0.19031,0.00292,0.99409,0.10854,-0.19175,-0.10597,0.97571,0.20408,-0.12803,2.98871
1695899457.48730,0.97590,-0.02846,0.21634,0.00157,0.99235,0.12347,-0.21820,-0.12016,0.96848,0.21234,-0.12379,2.99429
1695899457.62051,0.99982,-0.01026,-0.01568,0.01141,0.99707,0.07560,0.01486,-0.07576,0.99702,0.23897,-0.12124,2.99581
1695899457.76699,0.99750,-0.00291,0.07059,0.00365,0.99994,-0.01033,-0.07055,0.01056,0.99745,0.26937,-0.13906,2.97887
1695899457.91607,0.99924,-0.00446,-0.03874,0.00700,0.99782,0.06567,0.03836,-0.06589,0.99709,0.29435,-0.13736,2.94897
1695899458.05186,0.99992,-0.00899,0.00925,0.00789,0.99360,0.11266,-0.01021,-0.11258,0.99359,0.32100,-0.12632,2.93000
1695899458.20356,0.99619,-0.00567,0.08700,0.00567,0.99998,0.00029,-0.08700,0.00020,0.99621,0.34690,-0.12337,2.93597
1695899458.35157,0.94899,-0.01668,0.31488,0.00396,0.99915,0.04101,-0.31529,-0.03767,0.94825,0.37634,-0.11998,2.89262
1695899458.50228,0.99975,0.00743,0.02100,-0.00445,0.99038,-0.13832,-0.02183,0.13819,0.99016,0.41011,-0.13569,2.88846
1695899458.64142,0.96667,-0.00746,0.25592,0.00537,0.99995,0.00889,-0.25597,-0.00722,0.96666,0.45402,-0.11859,2.88783
1695899458.77983,0.93904,-0.01427,0.34352,0.00723,0.99974,0.02178,-0.34375,-0.01797,0.93889,0.47133,-0.11145,2.83763
1695899458.92896,0.96394,-0.00496,0.26607,0.01008,0.99979,-0.01787,-0.26592,0.01990,0.96379,0.50912,-0.12171,2.84628
1695899459.07568,0.98956,-0.01901,0.14288,0.00120,0.99231,0.12374,-0.14413,-0.12227,0.98198,0.54015,-0.12069,2.80266
1695899459.23431,0.96737,-0.04938,0.24850,0.00226,0.98246,0.18644,-0.25335,-0.17980,0.95052,0.55914,-0.11504,2.76270
1695899459.37333,0.99097,-0.01958,0.13263,0.00500,0.99399,0.10939,-0.13398,-0.10774,0.98511,0.58865,-0.11026,2.77138
1695899459.51800,0.97168,-0.00327,0.23627,0.00298,0.99999,0.00160,-0.23628,-0.00085,0.97169,0.62795,-0.11147,2.76043
1695899459.66331,0.96865,-0.00517,0.24838,-0.00238,0.99954,0.03009,-0.24842,-0.02973,0.96820,0.65375,-0.11791,2.72199
1695899459.82150,0.96511,0.01096,0.26162,-0.00353,0.99958,-0.02884,-0.26183,0.02691,0.96474,0.69713,-0.11104,2.71151
1695899459.97030,0.97202,-0.02773,0.23325,-0.00610,0.98969,0.14308,-0.23481,-0.14050,0.96183,0.73207,-0.12543,2.65655
1695899460.12528,0.95655,-0.01815,0.29101,0.00988,0.99951,0.02986,-0.29140,-0.02569,0.95626,0.76039,-0.13310,2.65451
1695899460.25815,0.97428,-0.03586,0.22247,0.00757,0.99191,0.12673,-0.22521,-0.12179,0.96667,0.77703,-0.13483,2.64243
1695899460.40010,0.94030,-0.01360,0.34006,0.00419,0.99959,0.02841,-0.34031,-0.02529,0.93997,0.80893,-0.13545,2.63861
1695899460.55930,0.87413,0.03136,0.48468,0.01210,0.99620,-0.08628,-0.48554,0.08128,0.87043,0.84426,-0.13412,2.59520
1695899460.73172,0.93367,-0.00074,0.35813,0.00378,0.99996,-0.00780,-0.35811,0.00864,0.93364,0.86630,-0.13395,2.58916
1695899460.88028,0.94880,-0.00159,0.31586,0.00208,1.00000,-0.00123,-0.31586,0.00182,0.94881,0.89063,-0.12409,2.57596
1695899461.01406,0.94702,-0.03386,0.31938,0.00267,0.99522,0.09760,-0.32116,-0.09157,0.94259,0.89771,-0.10784,2.54399
1695899461.34892,0.96353,-0.05209,0.26247,0.00485,0.98410,0.17753,-0.26754,-0.16978,0.94847,0.61314,-0.12102,2.57254
1695899461.55142,0.99266,-0.02861,0.11748,0.01450,0.99275,0.11930,-0.12004,-0.11672,0.98588,0.38419,-0.11781,2.60695
1695899461.66536,0.99792,-0.01852,0.06169,0.00966,0.98997,0.14092,-0.06368,-0.14004,0.98810,0.31743,-0.12006,2.62095
1695899461.78324,0.99420,-0.02759,0.10392,0.01218,0.98920,0.14608,-0.10683,-0.14397,0.98380,0.22004,-0.12458,2.61218
1695899462.00837,0.99959,-0.00537,0.02801,0.00544,0.99998,-0.00236,-0.02800,0.00251,0.99960,0.04697,-0.11467,2.63768
1695899462.11185,0.99991,-0.00358,-0.01325,0.00379,0.99987,0.01576,0.01319,-0.01581,0.99979,-0.02053,-0.11929,2.63616
1695899462.34468,0.99944,-0.01771,-0.02825,0.01680,0.99935,-0.03194,0.02879,0.03144,0.99909,-0.16198,-0.11843,2.60388
1695899462.44488,0.98879,-0.00463,-0.14923,0.01998,0.99463,0.10156,0.14796,-0.10341,0.98357,-0.19703,-0.11653,2.58123
1695899462.58878,0.99778,-0.01945,0.06363,0.01914,0.99980,0.00560,-0.06372,-0.00437,0.99796,-0.23500,-0.11162,2.57666
1695899462.73756,0.99074,-0.00970,-0.13540,0.01236,0.99975,0.01881,0.13518,-0.02030,0.99061,-0.26035,-0.11841,2.57356
1695899462.87823,0.98829,0.00816,-0.15235,0.01020,0.99280,0.11936,0.15223,-0.11951,0.98109,-0.28350,-0.12531,2.53573
1695899463.00258,0.98075,-0.00114,-0.19528,0.00898,0.99919,0.03927,0.19507,-0.04027,0.97996,-0.29528,-0.12634,2.52749
1695899463.14747,0.99318,-0.02575,-0.11370,0.01250,0.99320,-0.11575,0.11590,0.11354,0.98675,-0.32207,-0.12037,2.52593
1695899465.44139,0.98443,0.00145,0.17578,0.00025,0.99995,-0.00969,-0.17578,0.00958,0.98438,0.29510,-0.11432,2.30014
1695899465.55138,0.97835,-0.00857,0.20680,-0.00067,0.99901,0.04456,-0.20698,-0.04374,0.97737,0.30633,-0.12165,2.27679
1695899465.69101,0.98213,-0.02061,0.18707,-0.00417,0.99136,0.13111,-0.18816,-0.12955,0.97356,0.32048,-0.13457,2.25842
1695899465.83046,0.99693,0.00472,0.07820,-0.00673,0.99965,0.02556,-0.07806,-0.02601,0.99661,0.33796,-0.13693,2.25738
1695899465.98140,0.98245,-0.01608,0.18583,-0.00124,0.99569,0.09273,-0.18652,-0.09133,0.97820,0.35832,-0.13405,2.24420
1695899466.13690,0.96879,-0.02409,0.24671,-0.00451,0.99339,0.11471,-0.24784,-0.11225,0.96228,0.37055,-0.14119,2.21851
1695899466.29127,0.98686,-0.01861,0.16048,0.00355,0.99560,0.09363,-0.16152,-0.09183,0.98259,0.38713,-0.14548,2.20785
1695899466.42428,0.95538,-0.02096,0.29462,-0.00288,0.99677,0.08027,-0.29535,-0.07753,0.95224,0.40854,-0.14956,2.18745
1695899466.57703,0.95327,-0.02404,0.30118,-0.00721,0.99474,0.10222,-0.30205,-0.09962,0.94807,0.43278,-0.14349,2.16963
1695899466.72551,0.96870,0.01437,0.24784,0.00126,0.99803,-0.06280,-0.24825,0.06115,0.96676,0.46133,-0.14699,2.17085
1695899466.87048,0.96438,-0.02798,0.26304,-0.00454,0.99249,0.12221,-0.26449,-0.11905,0.95701,0.47754,-0.15117,2.14116
1695899467.01922,0.96140,-0.03106,0.27341,-0.00371,0.99206,0.12572,-0.27514,-0.12188,0.95365,0.50262,-0.14886,2.11585
1695899467.16485,0.94475,-0.03363,0.32607,-0.00524,0.99305,0.11760,-0.32776,-0.11281,0.93800,0.52267,-0.15808,2.08463
1695899467.31497,0.97510,-0.02773,0.22004,0.00061,0.99249,0.12236,-0.22178,-0.11918,0.96779,0.55179,-0.17031,2.06723
1695899467.45309,0.96476,-0.02175,0.26225,-0.00597,0.99451,0.10445,-0.26308,-0.10234,0.95933,0.57277,-0.15706,2.05800
1695899467.60803,0.96408,-0.03349,0.26351,0.00497,0.99412,0.10814,-0.26558,-0.10295,0.95858,0.58243,-0.14398,2.03743
1695899467.75425,0.94566,-0.03629,0.32312,0.00853,0.99618,0.08693,-0.32504,-0.07945,0.94236,0.60008,-0.14525,2.02442
1695899467.90914,0.95126,-0.04378,0.30525,0.00151,0.99052,0.13737,-0.30837,-0.13021,0.94231,0.62900,-0.13665,2.00010
1695899468.05828,0.91885,-0.01613,0.39428,-0.00206,0.99895,0.04567,-0.39460,-0.04277,0.91786,0.65826,-0.12534,1.99733
1695899468.18835,0.93869,-0.03364,0.34313,-0.00599,0.99349,0.11378,-0.34472,-0.10885,0.93237,0.67398,-0.11666,1.98492
1695899468.32322,0.90268,-0.00756,0.43025,-0.00242,0.99974,0.02264,-0.43031,-0.02148,0.90243,0.69809,-0.10842,1.95887
1695899468.47614,0.95313,-0.02487,0.30154,-0.00815,0.99414,0.10776,-0.30246,-0.10517,0.94734,0.71931,-0.09521,1.93827
1695899468.61758,0.90443,-0.02223,0.42605,-0.00404,0.99815,0.06065,-0.42661,-0.05657,0.90267,0.73112,-0.09305,1.92625
1695899468.75555,0.88146,-0.00540,0.47223,-0.00009,0.99993,0.01161,-0.47226,-0.01027,0.88140,0.74846,-0.10405,1.90735
1695899468.90689,0.93635,-0.01564,0.35072,-0.00906,0.99760,0.06867,-0.35095,-0.06748,0.93396,0.76805,-0.10741,1.89327
1695899469.04616,0.93588,-0.03480,0.35060,-0.01072,0.99184,0.12706,-0.35216,-0.12267,0.92786,0.78432,-0.10262,1.86617
1695899469.20033,0.91802,-0.03816,0.39469,-0.00973,0.99289,0.11863,-0.39641,-0.11274,0.91112,0.79793,-0.10996,1.85142
1695899469.34787,0.89888,-0.03165,0.43704,-0.00635,0.99634,0.08520,-0.43814,-0.07935,0.89540,0.81970,-0.11165,1.83873
1695899469.49305,0.87132,0.08589,0.48314,0.00207,0.98391,-0.17863,-0.49071,0.15665,0.85712,0.83993,-0.12259,1.81805
1695899469.62853,0.92518,-0.03793,0.37762,-0.00429,0.99389,0.11033,-0.37950,-0.10369,0.91936,0.85583,-0.12759,1.79503
1695899469.75854,0.85799,0.04117,0.51201,-0.00274,0.99713,-0.07560,-0.51366,0.06346,0.85565,0.87376,-0.13119,1.77892
1695899561.40457,0.91244,-0.03433,-0.40776,0.02422,0.99926,-0.02993,0.40848,0.01743,0.91260,-2.21211,-0.09664,5.03403
1695899561.52390,0.82017,-0.11822,-0.55977,0.01067,0.98141,-0.19164,0.57202,0.15121,0.80618,-2.15348,-0.08752,4.95237
1695899561.82001,0.92813,-0.03998,-0.37010,0.03842,0.99919,-0.01159,0.37026,-0.00346,0.92892,-2.11226,-0.03337,5.04860
1695899562.23198,0.83748,-0.11020,-0.53524,-0.02615,0.97025,-0.24068,0.54584,0.21556,0.80968,-1.93104,-0.03882,4.96733
1695899562.34993,0.84167,0.01560,-0.53977,0.04048,0.99495,0.09189,0.53848,-0.09919,0.83678,-1.88077,-0.03343,4.96675
1695899562.79640,0.84507,-0.10349,-0.52454,-0.03025,0.97026,-0.24015,0.53379,0.21881,0.81681,-1.76053,-0.02255,4.95318
1695899563.05603,0.94967,-0.09066,-0.29984,0.06394,0.99315,-0.09777,0.30666,0.07367,0.94897,-1.74616,-0.03463,5.05316
1695899563.17107,0.93816,-0.00320,-0.34618,0.01794,0.99906,0.03938,0.34573,-0.04316,0.93734,-1.71455,-0.02348,5.04720
1695899563.87735,0.86457,0.01730,-0.50221,0.03496,0.99491,0.09447,0.50129,-0.09923,0.85957,-1.63358,-0.00053,4.94528
1695899563.97534,0.90697,-0.04792,-0.41846,0.03892,0.99879,-0.03002,0.41940,0.01094,0.90774,-1.62711,-0.00450,4.97440
1695899564.11038,0.99589,-0.03627,-0.08305,0.04588,0.99208,0.11692,0.07815,-0.12025,0.98966,-1.60975,0.00955,4.94054
1695899564.23780,0.88181,0.02350,-0.47103,0.02580,0.99486,0.09794,0.47091,-0.09852,0.87666,-1.58637,0.02741,4.94854
1695899564.45835,0.99532,-0.05432,-0.07995,0.04668,0.99443,-0.09446,0.08463,0.09029,0.99231,-1.59234,-0.00176,4.87243
1695899564.55994,0.87084,-0.01738,-0.49126,0.05281,0.99690,0.05834,0.48872,-0.07675,0.86906,-1.60232,0.00285,4.91418
1695899564.79064,0.97494,-0.05810,-0.21477,0.05680,0.99831,-0.01222,0.21512,-0.00028,0.97659,-1.58398,0.00248,4.96275
1695899565.09587,0.86936,-0.01207,-0.49403,0.00681,0.99990,-0.01245,0.49413,0.00746,0.86936,-1.52538,0.00157,4.85956
1695899565.20953,0.99604,-0.06575,-0.05991,0.06004,0.99389,-0.09258,0.06563,0.08862,0.99390,-1.51966,-0.02986,4.82917
1695899565.35863,0.83732,0.05598,-0.54384,0.08203,0.97062,0.22621,0.54053,-0.23402,0.80812,-1.52818,-0.02602,4.88054
1695899565.87826,0.93504,-0.10099,-0.33986,0.04561,0.98487,-0.16717,0.35160,0.14081,0.92550,-1.51432,-0.04989,4.84562
1695899566.08963,0.99569,-0.06828,-0.06268,0.06550,0.99682,-0.04543,0.06558,0.04113,0.99700,-1.49554,-0.01244,4.78107
1695899566.72400,0.98740,-0.02055,-0.15688,0.05158,0.97917,0.19637,0.14958,-0.20198,0.96790,-1.51565,-0.01695,4.71318
1695899566.82507,0.97420,-0.03785,-0.22250,0.03061,0.99889,-0.03587,0.22361,0.02814,0.97427,-1.54074,-0.01734,4.76246
1695899567.02358,0.92425,-0.10679,-0.36654,0.05465,0.98720,-0.14981,0.37785,0.11843,0.91826,-1.53350,-0.00012,4.75368
1695899567.34604,0.98877,-0.07412,-0.12980,0.05573,0.98858,-0.13999,0.13869,0.13119,0.98161,-1.49387,0.00445,4.66009
1695899567.54923,0.91414,-0.03546,-0.40384,0.03107,0.99937,-0.01741,0.40420,0.00337,0.91466,-1.51419,-0.01745,4.67680
1695899567.75526,0.96388,-0.03343,-0.26423,0.03809,0.99920,0.01255,0.26360,-0.02216,0.96438,-1.51694,-0.01660,4.68314
1695899568.06041,0.85902,0.03522,-0.51072,0.05759,0.98465,0.16477,0.50868,-0.17095,0.84381,-1.47402,-0.01098,4.55682
1695899568.26835,0.99188,-0.06748,-0.10780,0.05808,0.99441,-0.08813,0.11315,0.08115,0.99026,-1.49772,-0.07326,4.58771
1695899568.37250,0.96657,-0.04297,-0.25278,0.04438,0.99901,-0.00009,0.25253,-0.01113,0.96753,-1.50075,-0.06281,4.62499
1695899568.50924,0.98170,0.02664,-0.18858,0.01114,0.98044,0.19650,0.19013,-0.19500,0.96220,-1.48057,-0.06307,4.57190
1695899568.73322,0.80250,-0.15744,-0.57550,0.04054,0.97672,-0.21066,0.59527,0.14572,0.79020,-1.45950,-0.06929,4.49016
1695899568.93471,0.95998,-0.03795,-0.27748,0.03121,0.99910,-0.02867,0.27832,0.01886,0.96030,-1.49664,-0.07629,4.63198
1695899569.24121,0.91857,-0.11910,-0.37689,0.05640,0.98326,-0.17324,0.39122,0.13787,0.90991,-1.51520,-0.08241,4.55992
1695899569.35446,0.81317,-0.16145,-0.55918,0.04232,0.97461,-0.21986,0.58048,0.15512,0.79936,-1.48353,-0.08112,4.43416
1695899569.48285,0.98056,-0.06409,-0.18544,0.04495,0.99338,-0.10567,0.19099,0.09529,0.97696,-1.51619,-0.08602,4.50200
1695899569.62712,0.87857,-0.13798,-0.45725,0.04404,0.97669,-0.21010,0.47558,0.16445,0.86416,-1.52213,-0.07126,4.49309
1695899569.77009,0.86476,-0.01929,-0.50181,0.04686,0.99800,0.04239,0.49999,-0.06017,0.86394,-1.50337,-0.08265,4.44888
1695899569.98566,0.97051,-0.06277,-0.23273,0.05425,0.99761,-0.04284,0.23486,0.02895,0.97160,-1.51913,-0.10376,4.48827
1695899570.19606,0.94576,-0.04075,-0.32231,0.04882,0.99866,0.01700,0.32119,-0.03182,0.94648,-1.51761,-0.11807,4.48476
1695899570.30064,0.99393,-0.07257,-0.08267,0.05822,0.98468,-0.16437,0.09333,0.15856,0.98293,-1.49418,-0.12193,4.39692
1695899570.53902,0.84900,-0.15613,-0.50480,0.03531,0.96998,-0.24061,0.52721,0.18646,0.82902,-1.50149,-0.14137,4.38776
1695899570.64925,0.89336,-0.08524,-0.44119,0.02765,0.99041,-0.13537,0.44850,0.10873,0.88715,-1.52064,-0.14384,4.41271
1695899570.81019,0.90271,-0.02394,-0.42959,0.04751,0.99789,0.04424,0.42763,-0.06035,0.90194,-1.52613,-0.15115,4.39411
1695899570.95827,0.94921,-0.06856,-0.30708,0.05638,0.99724,-0.04839,0.30955,0.02862,0.95045,-1.55532,-0.18627,4.43999
1695899571.28339,0.93812,-0.05345,-0.34216,0.04561,0.99848,-0.03093,0.34329,0.01341,0.93913,-1.57205,-0.17969,4.36345
1695899571.38925,0.98122,-0.00137,-0.19287,0.02860,0.98995,0.13849,0.19074,-0.14141,0.97140,-1.56565,-0.18219,4.29658
1695899571.52440,0.84420,-0.03386,-0.53496,0.03651,0.99932,-0.00563,0.53479,-0.01478,0.84486,-1.58677,-0.16587,4.30710
1695899571.76115,0.99165,-0.06834,-0.10940,0.06265,0.99654,-0.05464,0.11275,0.04733,0.99249,-1.60305,-0.18916,4.24846
1695899571.87332,0.99300,-0.08100,-0.08594,0.06620,0.98441,-0.16298,0.09780,0.15615,0.98288,-1.60085,-0.20267,4.19999
1695899572.82078,0.99775,-0.01224,0.06593,0.02427,0.98245,-0.18493,-0.06251,0.18612,0.98054,0.44847,-0.13304,4.51285
1695899572.93625,0.99658,-0.01153,-0.08181,0.01508,0.99897,0.04288,0.08124,-0.04397,0.99572,0.42625,-0.13034,4.46452
1695899573.07686,0.96842,-0.01420,0.24892,0.02798,0.99826,-0.05191,-0.24775,0.05723,0.96713,0.48401,-0.14333,4.45206
1695899573.30975,0.99416,-0.01948,-0.10612,0.02948,0.99518,0.09348,0.10379,-0.09606,0.98995,0.54380,-0.11234,4.38977
1695899573.41740,0.94638,-0.04634,0.31971,0.04119,0.99889,0.02286,-0.32041,-0.00846,0.94724,0.57061,-0.11337,4.43523
1695899573.55673,0.98706,-0.05116,0.15195,0.02481,0.98505,0.17045,-0.15840,-0.16448,0.97358,0.60792,-0.11793,4.41930
1695899573.70486,0.91804,-0.09440,0.38510,0.01371,0.97822,0.20711,-0.39626,-0.18485,0.89934,0.62656,-0.11433,4.30191
1695899573.85131,0.99673,-0.02960,0.07521,0.03100,0.99936,-0.01761,-0.07464,0.01989,0.99701,0.66221,-0.10061,4.37866
1695899574.06075,0.94298,-0.01972,0.33226,0.02844,0.99937,-0.02141,-0.33162,0.02964,0.94295,0.69104,-0.07245,4.36901
1695899574.27493,0.99663,-0.04285,0.06992,0.02714,0.97692,0.21187,-0.07738,-0.20925,0.97479,0.69615,-0.06062,4.27346
1695899574.38030,0.99541,-0.01222,-0.09495,-0.00861,0.97638,-0.21589,0.09534,0.21571,0.97179,0.68160,-0.03940,4.22969
1695899574.52953,0.99913,-0.03211,-0.02668,0.03561,0.98905,0.14323,0.02179,-0.14405,0.98933,0.68297,-0.04889,4.24800
1695899574.67731,0.87491,-0.10393,0.47300,0.03573,0.98789,0.15098,-0.48296,-0.11519,0.86803,0.66504,-0.03718,4.18252
1695899574.91698,0.98471,0.01556,0.17352,0.01095,0.98850,-0.15081,-0.17387,0.15041,0.97322,0.68333,-0.05531,4.26154
1695899575.02261,0.99968,0.01236,-0.02195,-0.01753,0.96721,-0.25336,0.01810,0.25366,0.96712,0.68740,-0.06707,4.20493
1695899575.16563,0.99014,-0.03938,0.13446,0.04443,0.99841,-0.03477,-0.13288,0.04040,0.99031,0.69907,-0.04747,4.33026
1695899575.30993,0.99863,-0.02938,-0.04334,0.03293,0.99596,0.08359,0.04071,-0.08490,0.99556,0.68776,-0.04969,4.18766
1695899575.64584,0.91850,0.01131,0.39526,0.03158,0.99430,-0.10184,-0.39416,0.10602,0.91291,0.70110,-0.03680,4.14483
1695899575.75172,0.98799,-0.01223,0.15402,0.01481,0.99977,-0.01562,-0.15379,0.01771,0.98794,0.70380,-0.05077,4.21111
1695899575.90007,0.99788,-0.02544,-0.05992,0.03127,0.99466,0.09836,0.05709,-0.10003,0.99335,0.68451,-0.04737,4.12608
1695899576.14202,0.99950,-0.02327,-0.02138,0.02597,0.99038,0.13594,0.01801,-0.13643,0.99049,0.69442,-0.05639,4.10134
1695899576.35039,0.96152,-0.04092,0.27166,0.03291,0.99888,0.03399,-0.27275,-0.02374,0.96179,0.69994,-0.03434,4.17722
1695899576.46274,0.99893,-0.03212,-0.03324,0.03714,0.98587,0.16335,0.02752,-0.16441,0.98601,0.69012,-0.04621,4.07861
1695899576.61252,0.99592,-0.04383,0.07883,0.02777,0.98054,0.19437,-0.08582,-0.19139,0.97776,0.69434,-0.04358,4.07510
1695899576.74692,0.98718,-0.01964,0.15842,0.03157,0.99682,-0.07316,-0.15648,0.07723,0.98466,0.70973,-0.05031,4.14571
1695899576.88609,0.94276,0.03644,0.33148,0.02091,0.98560,-0.16781,-0.33282,0.16514,0.92842,0.70006,-0.05040,4.06524
1695899577.02171,0.99805,-0.03672,0.05056,0.02664,0.98194,0.18731,-0.05652,-0.18560,0.98100,0.69698,-0.05422,4.02418
1695899577.16930,0.99389,-0.02200,0.10814,0.01490,0.99770,0.06608,-0.10934,-0.06406,0.99194,0.70401,-0.05560,4.06169
1695899577.31847,0.98329,-0.02840,0.17984,0.03686,0.99836,-0.04386,-0.17830,0.04975,0.98272,0.70656,-0.05126,4.07345
1695899577.46770,0.98466,-0.01203,0.17405,0.00772,0.99965,0.02539,-0.17430,-0.02365,0.98441,0.71327,-0.06294,4.07568
1695899577.61973,0.99281,-0.01462,0.11880,0.00390,0.99594,0.08990,-0.11963,-0.08879,0.98884,0.72237,-0.07561,4.02506
1695899577.77046,0.92193,0.00041,0.38735,0.02183,0.99835,-0.05303,-0.38673,0.05735,0.92041,0.72105,-0.07248,4.00283
1695899578.09483,0.99957,-0.02564,-0.01409,0.02742,0.98898,0.14550,0.01020,-0.14583,0.98926,0.40323,-0.07061,4.00821
1695899578.19865,0.99960,-0.02772,-0.00580,0.02652,0.98812,-0.15136,0.00993,0.15114,0.98846,0.35836,-0.07277,4.05388
1695899578.34882,0.97734,-0.02242,0.21047,0.02929,0.99913,-0.02958,-0.20962,0.03507,0.97715,0.30358,-0.08142,4.05102
1695899578.47782,0.99372,-0.01352,0.11106,0.02456,0.99482,-0.09868,-0.10915,0.10079,0.98890,0.24751,-0.08122,4.04098
1695899578.61547,0.97680,-0.01764,0.21345,0.04220,0.99292,-0.11107,-0.20998,0.11751,0.97062,0.22436,-0.08612,4.03888
1695899578.75777,0.97667,-0.01408,-0.21429,0.02641,0.99815,0.05482,0.21312,-0.05920,0.97523,0.17487,-0.05753,3.96041
1695899578.91497,0.97819,-0.00853,-0.20755,0.03174,0.99356,0.10875,0.20529,-0.11297,0.97216,0.15840,-0.05626,3.95311
1695899579.05619,0.99887,-0.01485,0.04521,0.01527,0.99984,-0.00903,-0.04507,0.00971,0.99894,0.13241,-0.07439,3.98893
1695899579.20255,0.99879,-0.03281,0.03654,0.03417,0.99872,-0.03720,-0.03527,0.03840,0.99864,0.10235,-0.09341,4.02280
1695899579.34108,0.97318,-0.01338,0.22964,0.02365,0.99884,-0.04203,-0.22881,0.04633,0.97237,0.03036,-0.07319,3.96760
1695899579.48311,0.99926,-0.01094,0.03676,0.01237,0.99917,-0.03877,-0.03630,0.03920,0.99857,-0.00914,-0.07605,3.99715
1695899579.63318,0.99786,-0.03008,-0.05802,0.02457,0.99532,-0.09342,0.06056,0.09180,0.99393,-0.03898,-0.07691,3.98958
1695899579.77393,0.98638,-0.01944,0.16333,0.03982,0.99168,-0.12243,-0.15959,0.12726,0.97895,-0.07440,-0.08192,3.91011
1695899579.93271,0.99497,-0.03024,0.09551,0.02788,0.99927,0.02597,-0.09623,-0.02318,0.99509,-0.12112,-0.08318,3.95404
1695899580.07836,0.97660,-0.04670,0.20995,0.02797,0.99543,0.09132,-0.21326,-0.08331,0.97344,-0.17026,-0.08258,3.90072
1695899580.30774,0.97287,-0.01072,-0.23108,0.03393,0.99473,0.09670,0.22883,-0.10192,0.96812,-0.00847,-0.09350,3.85706
1695899580.41410,0.99927,-0.03768,0.00700,0.03792,0.99853,-0.03870,-0.00553,0.03894,0.99923,0.00731,-0.09052,3.88930
1695899580.54550,0.99269,-0.03222,-0.11635,0.01773,0.99218,-0.12353,0.11942,0.12056,0.98550,0.02068,-0.10423,3.85916
1695899580.69675,0.99027,-0.04144,0.13285,0.04000,0.99911,0.01348,-0.13329,-0.00803,0.99104,0.02122,-0.11536,3.87643
1695899580.82745,0.98717,-0.01405,0.15904,0.03926,0.98690,-0.15646,-0.15475,0.16070,0.97480,0.03263,-0.10719,3.82389
1695899580.98595,0.97574,-0.00985,0.21870,0.03817,0.99134,-0.12564,-0.21557,0.13094,0.96767,0.03225,-0.09533,3.81936
1695899581.13826,0.99918,-0.02091,-0.03477,0.02159,0.99958,0.01926,0.03436,-0.01999,0.99921,0.05092,-0.09347,3.85141
1695899581.29116,0.98177,-0.02079,-0.18895,0.03252,0.99772,0.05916,0.18729,-0.06423,0.98020,0.05261,-0.07713,3.77751
1695899581.42760,0.96614,-0.02496,0.25681,0.05804,0.99083,-0.12205,-0.25141,0.13282,0.95872,0.05493,-0.07719,3.75425
1695899581.58753,0.99563,-0.02686,0.08943,0.02309,0.99881,0.04297,-0.09047,-0.04072,0.99507,0.08052,-0.09439,3.80626
1695899581.72935,0.99750,-0.03577,0.06093,0.03684,0.99918,-0.01663,-0.06029,0.01883,0.99800,0.07384,-0.09022,3.77581
1695899581.87540,0.99673,-0.02761,0.07599,0.03130,0.99837,-0.04775,-0.07455,0.04998,0.99596,0.08958,-0.10294,3.76445
1695899582.03352,0.99833,-0.02121,0.05374,0.02021,0.99961,0.01916,-0.05413,-0.01804,0.99837,0.11331,-0.09292,3.79015
1695899582.17807,0.99795,-0.04439,-0.04608,0.03521,0.98234,-0.18376,0.05343,0.18176,0.98189,0.11825,-0.09030,3.74908
1695899582.32819,0.96084,-0.02973,0.27551,0.03127,0.99951,-0.00122,-0.27534,0.00978,0.96130,0.10813,-0.07462,3.68181
1695899582.47705,0.99987,-0.01531,0.00587,0.01524,0.99981,0.01181,-0.00605,-0.01172,0.99991,0.12135,-0.06839,3.71732
1695899582.60694,0.97465,-0.02152,0.22271,0.01634,0.99955,0.02509,-0.22315,-0.02082,0.97456,0.12324,-0.05697,3.66199
1695899582.75575,0.98593,-0.00671,-0.16703,0.01964,0.99692,0.07587,0.16601,-0.07809,0.98303,0.13602,-0.07301,3.65287
1695899582.89781,0.99160,-0.01542,-0.12841,0.03613,0.98637,0.16053,0.12418,-0.16382,0.97864,0.14120,-0.07075,3.62103
1695899583.05428,0.99711,-0.01925,0.07343,0.01910,0.99981,0.00271,-0.07347,-0.00130,0.99730,0.14210,-0.08007,3.65942
1695899583.18346,0.97703,-0.03254,0.21060,0.02613,0.99911,0.03317,-0.21149,-0.02691,0.97701,0.14864,-0.10031,3.64217
1695899583.33094,0.97535,-0.03961,-0.21708,0.05690,0.99563,0.07400,0.21320,-0.08453,0.97335,0.14964,-0.08845,3.60224
1695899583.48140,0.98985,-0.01490,-0.14137,0.03483,0.98960,0.13959,0.13782,-0.14309,0.98007,0.14375,-0.07885,3.57449
1695899583.62952,0.98457,-0.02206,0.17357,0.03221,0.99792,-0.05586,-0.17198,0.06059,0.98324,0.15672,-0.07367,3.62592
1695899583.76654,0.99237,-0.03796,0.11727,0.03670,0.99924,0.01292,-0.11768,-0.00852,0.99302,0.16094,-0.06900,3.61935
1695899583.90773,0.98792,-0.02984,-0.15206,0.01296,0.99376,-0.11077,0.15442,0.10746,0.98214,0.16928,-0.07325,3.57071
1695899584.04736,0.99916,-0.02663,-0.03130,0.02063,0.98375,-0.17834,0.03554,0.17754,0.98347,0.17123,-0.07860,3.59721
1695899584.20165,0.99246,-0.01326,-0.12184,0.02560,0.99463,0.10025,0.11985,-0.10262,0.98747,0.18750,-0.08521,3.53196
1695899584.36404,0.98763,-0.02032,-0.15551,0.03512,0.99504,0.09307,0.15285,-0.09738,0.98344,0.18029,-0.09004,3.49710
1695899584.52885,0.95779,-0.01798,0.28689,0.03762,0.99730,-0.06311,-0.28498,0.07124,0.95588,0.18785,-0.10229,3.50027
1695899584.67408,0.99628,-0.03182,-0.08005,0.03211,0.99948,0.00233,0.07994,-0.00489,0.99679,0.19163,-0.09744,3.52066
1695899584.81979,0.99781,-0.02362,0.06173,0.02468,0.99956,-0.01640,-0.06131,0.01788,0.99796,0.20078,-0.09428,3.52699
1695899584.97740,0.99608,-0.02862,0.08372,0.03073,0.99924,-0.02400,-0.08297,0.02647,0.99620,0.19221,-0.08085,3.52674
1695899585.12953,0.99956,-0.02618,0.01422,0.02614,0.99965,0.00303,-0.01429,-0.00266,0.99989,0.20414,-0.09129,3.50517
1695899585.29324,0.99250,-0.01363,0.12148,0.02191,0.99751,-0.06705,-0.12026,0.06921,0.99033,0.22024,-0.09624,3.47748
1695899585.43828,0.99132,-0.01739,0.13034,0.02264,0.99898,-0.03896,-0.12953,0.04157,0.99070,0.23037,-0.09014,3.46337
1695899585.58505,0.99959,-0.02307,-0.01668,0.02192,0.99758,-0.06598,0.01816,0.06559,0.99768,0.22005,-0.08994,3.45236
1695899585.72402,0.96438,-0.01630,0.26400,0.04345,0.99430,-0.09734,-0.26091,0.10534,0.95960,0.20117,-0.07585,3.40444
1695899585.86456,0.99031,-0.02265,-0.13702,0.02607,0.99939,0.02324,0.13641,-0.02659,0.99029,0.20225,-0.07171,3.39601
1695899586.00464,0.98476,-0.01218,0.17347,0.02569,0.99679,-0.07585,-0.17199,0.07915,0.98191,0.20041,-0.07643,3.38776
1695899586.15988,0.97843,-0.02255,0.20536,0.03300,0.99832,-0.04760,-0.20394,0.05335,0.97753,0.20314,-0.07491,3.37816
1695899586.31371,0.98459,-0.02298,-0.17339,0.02704,0.99941,0.02110,0.17280,-0.02547,0.98463,0.19557,-0.07281,3.35216
1695899586.46914,0.99593,-0.02209,-0.08740,0.03400,0.98996,0.13722,0.08349,-0.13963,0.98668,0.19733,-0.06970,3.35179
1695899586.62357,0.99758,-0.02040,-0.06643,0.02180,0.99955,0.02049,0.06599,-0.02189,0.99758,0.19366,-0.09726,3.35270
1695899586.76829,0.99561,-0.02259,-0.09088,0.02553,0.99918,0.03130,0.09010,-0.03348,0.99537,0.19076,-0.09011,3.32885
1695899586.92411,0.99721,-0.02414,0.07068,0.02424,0.99971,-0.00044,-0.07065,0.00215,0.99750,0.19449,-0.08889,3.33347
1695899587.05595,0.98939,-0.01078,0.14486,0.02683,0.99365,-0.10929,-0.14276,0.11202,0.98340,0.21243,-0.10323,3.32221
1695899587.18833,0.99023,-0.02099,-0.13786,0.02841,0.99824,0.05207,0.13652,-0.05548,0.98908,0.19048,-0.10317,3.29457
1695899587.32574,0.99510,-0.02443,-0.09586,0.02299,0.99961,-0.01611,0.09621,0.01383,0.99526,0.19069,-0.09415,3.29486
1695899587.48194,0.99844,-0.01795,0.05278,0.01809,0.99983,-0.00222,-0.05273,0.00317,0.99860,0.19931,-0.09870,3.28442
1695899587.64695,0.99705,-0.02143,-0.07366,0.02162,0.99976,0.00177,0.07360,-0.00336,0.99728,0.20535,-0.10803,3.25610
1695899587.79214,0.99510,-0.01718,-0.09734,0.02791,0.99354,0.10997,0.09482,-0.11215,0.98916,0.20445,-0.09797,3.21157
1695899587.94087,0.99858,-0.01960,-0.04960,0.02285,0.99756,0.06599,0.04819,-0.06703,0.99659,0.21089,-0.10241,3.24641
1695899588.06982,0.99673,-0.01948,0.07841,0.01606,0.99890,0.04397,-0.07918,-0.04257,0.99595,0.21196,-0.09207,3.25137
1695899588.21478,0.99955,-0.01808,-0.02408,0.02041,0.99474,0.10036,0.02214,-0.10081,0.99466,0.21345,-0.10730,3.20847
1695899588.35327,0.99397,-0.01834,-0.10810,0.01174,0.99805,-0.06134,0.10902,0.05970,0.99225,0.21795,-0.09186,3.18487
1695899588.49971,0.98682,-0.02168,0.16037,0.02071,0.99976,0.00771,-0.16050,-0.00428,0.98703,0.22759,-0.10304,3.19208
1695899588.64535,0.99178,-0.01324,0.12728,0.02656,0.99428,-0.10347,-0.12519,0.10600,0.98645,0.22216,-0.09521,3.18309
1695899588.79341,0.96891,-0.03259,0.24526,0.01995,0.99835,0.05383,-0.24661,-0.04727,0.96796,0.21725,-0.10329,3.13778
1695899588.94861,0.98656,-0.02265,0.16182,0.02583,0.99951,-0.01760,-0.16134,0.02154,0.98666,0.21898,-0.10477,3.15309
1695899589.10079,0.99710,-0.02304,0.07252,0.02445,0.99953,-0.01869,-0.07205,0.02041,0.99719,0.22594,-0.10468,3.15081
1695899589.24851,0.99568,-0.01458,-0.09170,0.02123,0.99718,0.07201,0.09039,-0.07364,0.99318,0.22241,-0.10485,3.10845
1695899589.39242,0.99668,-0.01750,0.07951,0.01856,0.99975,-0.01258,-0.07927,0.01402,0.99675,0.22465,-0.10404,3.13087
1695899589.55554,0.99263,-0.01248,0.12051,0.02219,0.99658,-0.07957,-0.11911,0.08165,0.98952,0.22810,-0.12066,3.12681
1695899589.70843,0.99582,-0.02485,0.08789,0.01832,0.99706,0.07435,-0.08948,-0.07242,0.99335,0.21875,-0.11218,3.09244
1695899589.85410,0.99973,-0.02336,0.00170,0.02331,0.99933,0.02814,-0.00236,-0.02809,0.99960,0.22333,-0.10337,3.07941
1695899589.99185,0.99937,-0.02091,0.02862,0.01874,0.99708,0.07407,-0.03009,-0.07349,0.99684,0.22612,-0.11418,3.06601
1695899590.13407,0.99785,-0.01803,-0.06297,0.02442,0.99446,0.10220,0.06078,-0.10352,0.99277,0.21610,-0.11385,3.03478
1695899590.28549,0.99934,-0.01858,0.03106,0.01922,0.99961,-0.02045,-0.03066,0.02103,0.99931,0.21825,-0.11942,3.05557
1695899590.43081,0.99780,-0.01483,-0.06463,0.02024,0.99627,0.08386,0.06315,-0.08498,0.99438,0.22111,-0.10268,3.00937
1695899590.58420,0.97482,-0.02051,0.22205,0.00579,0.99775,0.06673,-0.22292,-0.06376,0.97275,0.23479,-0.09329,3.00772
1695899590.72652,0.98496,-0.02311,0.17121,0.01198,0.99776,0.06576,-0.17234,-0.06272,0.98304,0.22441,-0.11952,2.99910
1695899590.86177,0.99912,-0.02181,-0.03583,0.02267,0.99946,0.02369,0.03530,-0.02448,0.99908,0.22105,-0.11107,2.98779
1695899591.02621,0.99044,-0.01308,-0.13729,0.00929,0.99956,-0.02819,0.13760,0.02665,0.99013,0.22320,-0.11868,2.95592
1695899591.18313,0.99646,-0.01890,0.08191,0.01943,0.99980,-0.00563,-0.08179,0.00720,0.99662,0.21708,-0.10646,2.98261
1695899591.33446,0.99713,-0.01742,0.07372,0.01614,0.99971,0.01784,-0.07401,-0.01660,0.99712,0.21907,-0.10602,2.96706
1695899591.49145,0.99097,-0.01282,-0.13350,0.01359,0.99990,0.00488,0.13342,-0.00665,0.99104,0.22862,-0.11236,2.92136
1695899591.64175,0.99967,-0.01672,-0.01953,0.01591,0.99904,-0.04075,0.02019,0.04043,0.99898,0.23856,-0.11235,2.93890
1695899591.78755,0.99578,-0.01809,0.08999,0.02075,0.99937,-0.02871,-0.08942,0.03046,0.99553,0.24641,-0.11400,2.91567
1695899591.93605,0.99681,-0.01023,-0.07920,0.01263,0.99948,0.02982,0.07885,-0.03073,0.99641,0.25259,-0.11571,2.88374
1695899592.08108,0.95701,-0.01862,0.28945,0.02683,0.99934,-0.02444,-0.28881,0.03115,0.95688,0.24115,-0.10217,2.86457
1695899592.22259,0.99408,-0.02326,0.10616,0.02538,0.99950,-0.01869,-0.10567,0.02127,0.99417,0.23793,-0.09915,2.87789
1695899592.37048,0.99588,-0.01688,0.08905,0.01857,0.99966,-0.01826,-0.08871,0.01984,0.99586,0.24548,-0.10434,2.87394
1695899592.51389,0.99954,-0.02378,0.01878,0.02098,0.99029,0.13742,-0.02186,-0.13696,0.99034,0.24416,-0.09867,2.83365
1695899592.66801,0.99438,-0.00633,-0.10565,0.00928,0.99958,0.02748,0.10543,-0.02831,0.99402,0.24863,-0.11035,2.82560
1695899592.80648,0.99945,-0.00800,-0.03206,0.00959,0.99872,0.04966,0.03162,-0.04994,0.99825,0.25537,-0.11261,2.82546
1695899592.95306,0.99812,-0.00987,-0.06051,0.01520,0.99598,0.08826,0.05940,-0.08901,0.99426,0.25641,-0.11034,2.77899
1695899593.09358,0.99966,-0.01860,0.01810,0.01580,0.98941,0.14430,-0.02059,-0.14397,0.98937,0.25728,-0.11802,2.78652
1695899593.24309,0.99898,-0.01393,-0.04291,0.01788,0.99550,0.09311,0.04142,-0.09378,0.99473,0.25530,-0.12591,2.76352
1695899593.39016,0.99652,-0.01803,-0.08144,0.02285,0.99802,0.05862,0.08022,-0.06027,0.99495,0.25298,-0.11895,2.76281
1695899593.53554,0.99948,-0.02491,-0.02040,0.02713,0.99283,0.11645,0.01735,-0.11694,0.99299,0.25051,-0.11226,2.74916
1695899593.68693,0.99922,-0.01638,0.03583,0.01649,0.99986,-0.00278,-0.03578,0.00337,0.99935,0.25578,-0.12985,2.74341
1695899593.82176,0.99974,-0.02202,0.00644,0.02118,0.99372,0.10988,-0.00882,-0.10972,0.99392,0.24622,-0.13635,2.71788
1695899593.97134,0.99956,-0.02369,0.01774,0.02107,0.99053,0.13570,-0.02079,-0.13526,0.99059,0.24773,-0.13484,2.69984
1695899594.11309,0.99466,-0.00920,-0.10277,0.00798,0.99989,-0.01227,0.10287,0.01139,0.99463,0.25202,-0.12469,2.68266
1695899594.26400,0.98821,-0.02773,0.15059,0.01274,0.99494,0.09963,-0.15259,-0.09654,0.98356,0.25617,-0.13173,2.68820
1695899594.40974,0.96519,-0.00513,0.26149,0.02380,0.99738,-0.06826,-0.26046,0.07211,0.96279,0.25649,-0.12706,2.68388
1695899594.54966,0.99891,-0.01961,-0.04247,0.02250,0.99738,0.06876,0.04101,-0.06964,0.99673,0.25433,-0.11232,2.66457
1695899594.68915,0.99794,-0.01131,-0.06319,0.01297,0.99958,0.02585,0.06287,-0.02661,0.99767,0.26116,-0.11123,2.65027
1695899594.83432,0.99902,-0.01685,-0.04101,0.01966,0.99741,0.06921,0.03974,-0.06995,0.99676,0.25951,-0.10725,2.63605
1695899594.97986,0.99107,-0.01675,0.13232,0.02149,0.99917,-0.03449,-0.13164,0.03702,0.99061,0.26173,-0.10123,2.65254
1695899595.12244,0.99967,-0.02335,0.01034,0.02198,0.99291,0.11686,-0.01299,-0.11659,0.99309,0.26175,-0.10010,2.61894
1695899595.26681,0.99842,-0.02746,0.04902,0.02016,0.98941,0.14373,-0.05245,-0.14252,0.98840,0.26223,-0.09273,2.60969
1695899595.40328,0.99873,-0.01125,-0.04907,0.01501,0.99692,0.07698,0.04806,-0.07762,0.99582,0.26054,-0.09721,2.58394
1695899595.53748,0.99997,-0.00835,-0.00009,0.00836,0.99992,0.00903,0.00002,-0.00903,0.99996,0.26283,-0.10573,2.59426
1695899595.69841,0.99966,-0.01908,-0.01755,0.02132,0.99022,0.13788,0.01475,-0.13820,0.99029,0.26086,-0.09311,2.55207
1695899595.84243,0.99653,-0.02659,0.07882,0.01523,0.98984,0.14140,-0.08178,-0.13971,0.98681,0.26284,-0.09198,2.55929
1695899595.98897,0.99985,-0.01664,-0.00454,0.01704,0.99399,0.10813,0.00271,-0.10819,0.99413,0.26466,-0.10626,2.54509
1695899596.14565,0.99896,-0.01993,0.04106,0.01423,0.99077,0.13479,-0.04336,-0.13407,0.99002,0.26860,-0.10736,2.51960
1695899596.29246,0.99789,-0.02798,0.05863,0.01915,0.98908,0.14610,-0.06207,-0.14467,0.98753,0.27148,-0.10511,2.50839
1695899596.43906,0.97944,-0.00176,0.20170,0.01965,0.99604,-0.08674,-0.20075,0.08892,0.97560,0.28720,-0.10721,2.52015
1695899596.57732,0.99859,-0.01526,0.05094,0.01033,0.99535,0.09573,-0.05216,-0.09507,0.99410,0.30402,-0.11465,2.48590
1695899596.72487,0.99945,-0.02022,0.02626,0.01708,0.99323,0.11487,-0.02840,-0.11436,0.99303,0.29997,-0.12001,2.47258
1695899596.86089,0.95185,0.01089,0.30638,0.03018,0.99118,-0.12901,-0.30508,0.13204,0.94313,0.30319,-0.12883,2.45367
1695899596.99861,0.99585,-0.01583,0.08967,0.00900,0.99706,0.07606,-0.09061,-0.07493,0.99306,0.30603,-0.12034,2.45994
1695899597.14118,0.99815,-0.01809,0.05801,0.01098,0.99263,0.12069,-0.05977,-0.11983,0.99099,0.30530,-0.11907,2.43135
1695899597.26168,0.98673,-0.03144,0.15928,0.01576,0.99498,0.09879,-0.16158,-0.09497,0.98228,0.31084,-0.12420,2.41545
1695899597.38269,0.99960,-0.00635,0.02769,0.00771,0.99875,-0.04930,-0.02734,0.04950,0.99840,0.32514,-0.12133,2.42127
1695899597.51586,0.99530,-0.02472,0.09367,0.01263,0.99177,0.12744,-0.09604,-0.12566,0.98741,0.32350,-0.11904,2.38896
1695899597.67064,0.99730,-0.01648,0.07158,0.00982,0.99567,0.09240,-0.07279,-0.09145,0.99315,0.32506,-0.13105,2.38077
1695899597.80814,0.98590,-0.01018,0.16705,0.01511,0.99949,-0.02827,-0.16668,0.03040,0.98554,0.32020,-0.13159,2.38518
1695899597.93997,0.99783,-0.02635,0.06041,0.01721,0.98896,0.14718,-0.06362,-0.14582,0.98726,0.31520,-0.12696,2.34456
1695899598.08554,0.99966,-0.01011,0.02408,0.01151,0.99820,-0.05882,-0.02344,0.05908,0.99798,0.32037,-0.12407,2.35839
1695899598.23341,0.99037,-0.01727,0.13736,0.01926,0.99973,-0.01320,-0.13710,0.01572,0.99043,0.31949,-0.12844,2.34945
1695899598.38542,0.99897,-0.02290,0.03925,0.01903,0.99517,0.09630,-0.04127,-0.09546,0.99458,0.31661,-0.13181,2.32408
1695899598.52447,0.99865,-0.02634,0.04486,0.02146,0.99414,0.10596,-0.04738,-0.10486,0.99336,0.31483,-0.13247,2.31108
1695899598.66557,0.99685,-0.02811,0.07414,0.01780,0.99053,0.13615,-0.07726,-0.13440,0.98791,0.33105,-0.13129,2.29288
1695899598.80689,0.99968,-0.01122,0.02285,0.01024,0.99905,0.04237,-0.02330,-0.04212,0.99884,0.33519,-0.12477,2.28570
1695899598.95032,0.97841,-0.02735,0.20486,0.01340,0.99752,0.06917,-0.20624,-0.06493,0.97634,0.33372,-0.11843,2.27918
1695899599.10116,0.99975,-0.01682,0.01507,0.01557,0.99674,0.07912,-0.01635,-0.07887,0.99675,0.32561,-0.13380,2.26106
1695899599.23754,0.99642,-0.00052,0.08452,0.00833,0.99572,-0.09204,-0.08411,0.09241,0.99216,0.33336,-0.12482,2.26440
1695899599.37726,0.98774,-0.02612,0.15388,0.01655,0.99787,0.06314,-0.15520,-0.05981,0.98607,0.32999,-0.12285,2.24669
1695899599.51921,0.99803,-0.02375,0.05804,0.01554,0.99031,0.13798,-0.06075,-0.13680,0.98873,0.33790,-0.12348,2.21953
1695899599.66400,0.98128,-0.02961,0.19031,0.01222,0.99569,0.09192,-0.19221,-0.08788,0.97741,0.34156,-0.12950,2.21202
1695899599.80863,0.98493,-0.01809,0.17202,0.01273,0.99940,0.03222,-0.17250,-0.02955,0.98457,0.34618,-0.12846,2.21667
