1695921989.39994,0.85905,-0.00838,0.51183,-0.01236,0.99924,0.03709,-0.51175,-0.03819,0.85829,-0.08149,-0.03105,1.61490
1695921989.90831,0.81545,-0.01244,0.57870,-0.00616,0.99953,0.03018,-0.57880,-0.02817,0.81498,0.03747,-0.04460,1.52544
1695921990.32464,0.78749,-0.01357,0.61618,-0.01308,0.99916,0.03872,-0.61619,-0.03856,0.78665,0.12250,-0.03882,1.44229
1695921990.52314,0.78106,-0.02237,0.62405,-0.01643,0.99828,0.05636,-0.62423,-0.05427,0.77935,0.15027,-0.02201,1.41823
1695921990.63841,0.77454,-0.02076,0.63219,-0.00983,0.99895,0.04484,-0.63245,-0.04094,0.77352,0.16688,-0.03567,1.38129
1695921990.77671,0.75758,-0.01321,0.65261,-0.01328,0.99928,0.03565,-0.65261,-0.03567,0.75685,0.17800,-0.03574,1.36429
1695921991.18326,0.75806,-0.01470,0.65202,-0.01824,0.99888,0.04373,-0.65193,-0.04504,0.75694,0.22068,-0.04447,1.28299
1695921991.31455,0.74619,-0.00971,0.66567,-0.02370,0.99887,0.04115,-0.66531,-0.04648,0.74512,0.23293,-0.04023,1.26309
1695921991.52947,0.73340,-0.01958,0.67951,-0.01559,0.99884,0.04561,-0.67962,-0.04405,0.73224,0.25751,-0.03392,1.20832
1695921991.72439,0.72676,-0.02832,0.68630,-0.01159,0.99850,0.05348,-0.68679,-0.04682,0.72535,0.27310,-0.04266,1.16914
1695921992.05523,0.69412,-0.02701,0.71935,-0.01509,0.99853,0.05205,-0.71970,-0.04698,0.69269,0.31419,-0.03760,1.09965
1695921992.25291,0.67991,-0.02720,0.73279,-0.01261,0.99873,0.04876,-0.73319,-0.04240,0.67870,0.33841,-0.04080,1.05264
1695921992.35282,0.67703,-0.02095,0.73565,-0.00766,0.99934,0.03552,-0.73591,-0.02968,0.67642,0.35104,-0.04695,1.04451
1695921992.49051,0.65937,-0.01868,0.75159,-0.00994,0.99939,0.03356,-0.75176,-0.02960,0.65878,0.35836,-0.04818,1.01708
1695921992.64248,0.65067,-0.02195,0.75904,-0.00928,0.99928,0.03685,-0.75930,-0.03102,0.65000,0.36974,-0.05229,0.98854
1695921992.75533,0.63186,-0.01145,0.77500,-0.00732,0.99976,0.02074,-0.77505,-0.01878,0.63162,0.37967,-0.05528,0.96922
1695921993.15514,0.58943,-0.00728,0.80779,-0.00728,0.99987,0.01433,-0.80779,-0.01433,0.58930,0.41547,-0.05859,0.90284
1695921993.77092,0.82736,-0.03000,0.56086,-0.00081,0.99851,0.05461,-0.56167,-0.04564,0.82610,0.17281,-0.06091,0.86191
1695921993.87499,0.81731,-0.02993,0.57543,-0.00298,0.99842,0.05617,-0.57620,-0.04762,0.81592,0.17660,-0.06363,0.84142
1695921994.01680,0.81949,-0.02631,0.57249,-0.00200,0.99881,0.04876,-0.57309,-0.04110,0.81846,0.17494,-0.06727,0.82123
1695921994.14762,0.81595,-0.02646,0.57752,-0.00171,0.99884,0.04818,-0.57812,-0.04030,0.81496,0.17563,-0.06950,0.80275
1695921994.29532,0.82045,-0.02119,0.57133,-0.00315,0.99913,0.04159,-0.57171,-0.03592,0.81967,0.17664,-0.07116,0.78936
1695921994.43524,0.81298,-0.01270,0.58215,-0.01506,0.99897,0.04283,-0.58210,-0.04359,0.81195,0.18329,-0.06582,0.76611
1695921994.57072,0.80675,-0.01661,0.59066,-0.01182,0.99895,0.04424,-0.59077,-0.04267,0.80571,0.18779,-0.06343,0.74891
1695921994.70700,0.80821,-0.02391,0.58841,-0.01707,0.99780,0.06399,-0.58865,-0.06176,0.80603,0.18596,-0.05494,0.73430
1695921994.83712,0.81648,-0.02346,0.57690,-0.01693,0.99777,0.06455,-0.57712,-0.06247,0.81426,0.18093,-0.05785,0.70989
1695921994.96659,0.81322,-0.02707,0.58132,-0.01236,0.99789,0.06376,-0.58182,-0.05904,0.81117,0.17331,-0.06255,0.68196
1695921995.10755,0.83039,-0.02396,0.55667,-0.01316,0.99795,0.06258,-0.55703,-0.05929,0.82838,0.17089,-0.06540,0.66683
1695921995.23975,0.82483,-0.02354,0.56488,-0.00690,0.99864,0.05168,-0.56533,-0.04652,0.82355,0.16512,-0.06826,0.63694
1695921995.35978,0.83774,-0.03025,0.54523,-0.00634,0.99786,0.06509,-0.54603,-0.05798,0.83575,0.16141,-0.06745,0.61929
1695921995.49211,0.83999,-0.01767,0.54232,-0.00887,0.99889,0.04628,-0.54253,-0.04368,0.83890,0.16101,-0.07307,0.59070
1695921995.62462,0.82665,-0.01556,0.56250,-0.00664,0.99928,0.03740,-0.56268,-0.03465,0.82595,0.15991,-0.07204,0.56603
1695921995.75339,0.82881,-0.01129,0.55942,-0.00882,0.99941,0.03324,-0.55947,-0.03249,0.82822,0.16079,-0.07544,0.54356
1695921995.86467,0.82131,-0.00798,0.57043,-0.01295,0.99938,0.03264,-0.57034,-0.03419,0.82070,0.16375,-0.07133,0.51720
1695921995.98955,0.82068,-0.00528,0.57137,-0.00839,0.99974,0.02128,-0.57133,-0.02226,0.82042,0.16507,-0.07813,0.49515
1695921996.11384,0.82125,-0.01023,0.57047,-0.00397,0.99971,0.02364,-0.57055,-0.02168,0.82098,0.16599,-0.07908,0.47745
1695921996.24540,0.82335,0.00181,0.56753,-0.01207,0.99982,0.01433,-0.56740,-0.01865,0.82323,0.16531,-0.07552,0.45279
1695922051.62948,0.97879,-0.01233,0.20452,0.00250,0.99883,0.04826,-0.20487,-0.04672,0.97767,-0.91707,-0.02723,1.87793
1695922113.76214,0.99118,-0.01471,0.13174,0.01236,0.99975,0.01866,-0.13198,-0.01686,0.99111,-0.36998,-0.05858,1.49725
1695922113.97160,0.99089,-0.01226,0.13413,0.00807,0.99946,0.03178,-0.13445,-0.03041,0.99045,-0.34907,-0.05430,1.47015
1695922114.18011,0.99013,-0.02163,0.13849,0.01749,0.99937,0.03098,-0.13907,-0.02825,0.98988,-0.33887,-0.06117,1.43570
1695922114.49840,0.99654,-0.02501,0.07931,0.02200,0.99901,0.03863,-0.08020,-0.03675,0.99610,-0.48706,-0.06917,1.33502
1695922114.91364,0.99957,-0.01785,0.02341,0.01675,0.99879,0.04623,-0.02421,-0.04582,0.99866,-0.54690,-0.07004,1.26964
1695922115.01951,0.99859,-0.02386,0.04741,0.02207,0.99904,0.03794,-0.04827,-0.03684,0.99815,-0.55402,-0.07436,1.23202
1695922117.10566,0.87055,-0.01094,0.49196,-0.00370,0.99958,0.02878,-0.49207,-0.02688,0.87014,-0.05543,-0.06359,1.02876
1695922117.31052,0.86721,-0.00553,0.49791,-0.00666,0.99972,0.02269,-0.49790,-0.02299,0.86693,-0.05056,-0.06581,0.99235
1695922117.41382,0.87094,-0.00858,0.49132,-0.00319,0.99973,0.02312,-0.49139,-0.02170,0.87067,-0.04002,-0.07070,0.98819
1695922117.55022,0.85515,-0.01344,0.51820,0.00586,0.99985,0.01627,-0.51834,-0.01087,0.85510,-0.02860,-0.07578,0.95325
1695922117.78148,0.84596,-0.01006,0.53316,-0.00154,0.99977,0.02131,-0.53325,-0.01885,0.84575,-0.00244,-0.06801,0.92331
1695922117.88702,0.83815,-0.01143,0.54531,-0.00714,0.99946,0.03192,-0.54539,-0.03065,0.83762,0.01160,-0.06710,0.90740
1695922118.03036,0.82731,-0.00707,0.56170,-0.00502,0.99979,0.01997,-0.56172,-0.01934,0.82710,0.01842,-0.07547,0.88296
1695922118.17428,0.81906,-0.00551,0.57368,-0.01833,0.99919,0.03577,-0.57342,-0.03982,0.81830,0.03242,-0.06041,0.86211
1695922118.28345,0.80935,-0.00438,0.58731,-0.01405,0.99954,0.02682,-0.58716,-0.02996,0.80892,0.04693,-0.06793,0.83906
1695922118.39887,0.80797,-0.01419,0.58905,-0.01007,0.99923,0.03788,-0.58913,-0.03654,0.80721,0.05601,-0.07070,0.81592
1695922118.54595,0.78638,-0.00698,0.61771,-0.00929,0.99969,0.02312,-0.61767,-0.02392,0.78607,0.06888,-0.07164,0.79089
1695922118.69698,0.79353,-0.01627,0.60832,-0.00412,0.99948,0.03211,-0.60852,-0.02799,0.79304,0.07756,-0.07700,0.77752
1695922118.84210,0.77699,-0.00784,0.62946,-0.01232,0.99954,0.02766,-0.62939,-0.02925,0.77654,0.09660,-0.07607,0.74670
1695922118.99033,0.76407,-0.01098,0.64504,-0.01046,0.99951,0.02939,-0.64505,-0.02920,0.76358,0.10897,-0.07582,0.71687
1695922119.13179,0.74946,-0.01241,0.66193,-0.00927,0.99953,0.02924,-0.66199,-0.02805,0.74899,0.11969,-0.07163,0.70103
1695922119.27276,0.74018,-0.00725,0.67237,-0.01592,0.99947,0.02830,-0.67222,-0.03165,0.73967,0.13547,-0.07409,0.67506
1695922119.40354,0.72007,-0.00371,0.69390,-0.01908,0.99950,0.02515,-0.69364,-0.03136,0.71964,0.15260,-0.06858,0.64585
1695922119.54555,0.71312,-0.00154,0.70104,-0.02721,0.99918,0.02988,-0.70052,-0.04038,0.71249,0.16290,-0.06732,0.61977
1695922119.66934,0.70316,0.00136,0.71103,-0.02775,0.99929,0.02553,-0.71049,-0.03769,0.70269,0.17682,-0.06977,0.59359
1695922119.80356,0.68023,-0.00810,0.73296,-0.00939,0.99976,0.01976,-0.73294,-0.02033,0.67999,0.18615,-0.07664,0.56066
1695922119.93991,0.68182,0.00056,0.73152,-0.01901,0.99968,0.01696,-0.73127,-0.02547,0.68161,0.19799,-0.07294,0.54392
1695922120.07444,0.66106,0.00113,0.75033,-0.01243,0.99988,0.00944,-0.75023,-0.01557,0.66099,0.20255,-0.07475,0.51633
1695922172.21434,0.93177,-0.02254,0.36234,0.00290,0.99850,0.05467,-0.36303,-0.04989,0.93044,-0.17120,-0.01759,2.03826
1695922172.41821,0.93087,-0.02208,0.36467,0.00315,0.99862,0.05242,-0.36533,-0.04765,0.92966,-0.18007,-0.03655,2.00108
1695922174.48409,0.99518,-0.01993,0.09601,0.01614,0.99906,0.04012,-0.09672,-0.03838,0.99457,-0.69014,-0.05293,1.48597
1695922178.82080,0.84911,-0.00128,0.52822,-0.00934,0.99980,0.01744,-0.52814,-0.01974,0.84893,-0.13691,-0.06914,0.93567
1695922178.92474,0.84199,-0.00288,0.53949,-0.01032,0.99972,0.02145,-0.53940,-0.02363,0.84172,-0.12213,-0.06969,0.91968
1695922179.05914,0.83256,-0.00369,0.55392,-0.00440,0.99990,0.01329,-0.55392,-0.01350,0.83246,-0.11224,-0.07253,0.90537
1695922179.21828,0.82452,0.00033,0.56583,-0.00728,0.99992,0.01002,-0.56578,-0.01238,0.82446,-0.09773,-0.07604,0.88446
1695922179.35469,0.81947,-0.00359,0.57311,-0.00510,0.99990,0.01355,-0.57310,-0.01402,0.81937,-0.08848,-0.07290,0.87053
1695922179.59294,0.80506,-0.00788,0.59314,-0.00815,0.99967,0.02434,-0.59313,-0.02443,0.80473,-0.06732,-0.07050,0.84010
1695922179.69705,0.79121,-0.00416,0.61153,-0.01077,0.99973,0.02074,-0.61145,-0.02299,0.79095,-0.05255,-0.07162,0.81888
1695922179.83208,0.77855,-0.00989,0.62750,-0.00957,0.99957,0.02762,-0.62751,-0.02751,0.77812,-0.03686,-0.06694,0.79456
1695922179.98252,0.76316,-0.00478,0.64619,-0.01355,0.99963,0.02340,-0.64607,-0.02661,0.76282,-0.01783,-0.06841,0.76717
1695922180.12793,0.74832,-0.00593,0.66332,-0.01488,0.99956,0.02572,-0.66318,-0.02912,0.74790,-0.00171,-0.06520,0.74452
1695922180.26040,0.74586,-0.00451,0.66609,-0.02330,0.99919,0.03286,-0.66570,-0.04003,0.74515,0.00739,-0.06340,0.73023
1695922180.39956,0.73574,-0.00730,0.67722,-0.01204,0.99964,0.02385,-0.67716,-0.02570,0.73539,0.01485,-0.07279,0.70200
1695922180.54521,0.72867,-0.01140,0.68477,-0.01783,0.99921,0.03561,-0.68463,-0.03816,0.72789,0.02299,-0.06855,0.68630
1695922180.68635,0.71633,-0.00755,0.69772,-0.02112,0.99925,0.03250,-0.69744,-0.03802,0.71563,0.03643,-0.06679,0.65892
1695922180.82647,0.70384,-0.00999,0.71028,-0.01490,0.99947,0.02881,-0.71020,-0.03086,0.70333,0.04840,-0.07461,0.63089
1695922180.96558,0.68916,-0.01396,0.72447,-0.01748,0.99920,0.03589,-0.72440,-0.03740,0.68837,0.05985,-0.07302,0.60378
1695922181.09831,0.68034,-0.00753,0.73286,-0.02561,0.99909,0.03404,-0.73245,-0.04193,0.67953,0.07049,-0.07017,0.58357
1695922181.23451,0.67053,-0.01955,0.74163,-0.02104,0.99875,0.04535,-0.74159,-0.04602,0.66928,0.08030,-0.06775,0.54853
1695922181.35343,0.66972,-0.02221,0.74228,-0.01705,0.99883,0.04527,-0.74242,-0.04298,0.66856,0.08707,-0.07061,0.52834
1695922181.46515,0.66076,-0.01353,0.75047,-0.02269,0.99902,0.03799,-0.75025,-0.04212,0.65981,0.09595,-0.07330,0.50133
1695922181.59056,0.65023,-0.02233,0.75941,-0.02048,0.99869,0.04690,-0.75946,-0.04605,0.64892,0.09791,-0.07011,0.47334
1695922181.72662,0.64029,-0.01225,0.76803,-0.02107,0.99922,0.03350,-0.76784,-0.03763,0.63953,0.10168,-0.07509,0.44465
1695922181.86689,0.64257,-0.01105,0.76615,-0.02082,0.99928,0.03188,-0.76594,-0.03643,0.64187,0.10342,-0.07600,0.42403
1695922181.99169,0.64294,-0.00955,0.76586,-0.02615,0.99907,0.03440,-0.76547,-0.04214,0.64209,0.10718,-0.07478,0.40423
1695922182.12278,0.63450,-0.00959,0.77286,-0.01203,0.99968,0.02229,-0.77283,-0.02344,0.63418,0.11249,-0.08184,0.38020
1695922182.25803,0.99342,0.09403,-0.06545,-0.10656,0.96818,-0.22642,0.04208,0.23191,0.97183,0.13239,-0.08565,0.38113
