1696049255.02824,0.84225,-0.00738,0.53904,-0.01278,0.99935,0.03365,-0.53894,-0.03523,0.84161,-0.10619,-0.05329,1.08109
1696049255.13377,0.84597,-0.00419,0.53322,-0.01226,0.99955,0.02731,-0.53309,-0.02965,0.84554,-0.11205,-0.05388,1.06165
1696049255.32784,0.84787,-0.00453,0.53018,-0.00867,0.99971,0.02240,-0.53013,-0.02358,0.84759,-0.11587,-0.06309,1.02369
1696049255.64730,0.86427,-0.00833,0.50296,-0.00225,0.99979,0.02042,-0.50302,-0.01877,0.86407,-0.13292,-0.06437,0.96985
