1695921992.64248,0.73305,-0.03716,-0.67916,0.07795,0.99652,0.02961,0.67570,-0.07465,0.73339,-1.16328,-0.03000,2.99518
1695921992.75533,0.74848,-0.05354,-0.66100,0.07343,0.99730,0.00238,0.65908,-0.05032,0.75038,-1.14145,-0.03164,3.00745
1695921992.88423,0.77169,-0.05541,-0.63359,0.06958,0.99757,-0.00249,0.63219,-0.04216,0.77367,-1.11067,-0.03599,3.04081
1695921993.01650,0.74436,-0.03369,-0.66693,0.07602,0.99651,0.03452,0.66344,-0.07640,0.74432,-1.06368,-0.04567,2.98655
1695921993.25512,0.78593,-0.04606,-0.61659,0.06849,0.99757,0.01277,0.61450,-0.05227,0.78718,-0.97080,-0.03130,2.98655
1695921993.35511,0.78758,-0.04918,-0.61424,0.07505,0.99704,0.01640,0.61162,-0.05902,0.78895,-0.92902,-0.04719,2.97228
1695921998.20969,0.85479,-0.03527,0.51778,0.05579,0.99815,-0.02412,-0.51597,0.04951,0.85517,0.62248,0.00061,2.30751
1695921998.31545,0.85474,-0.02041,0.51866,0.05909,0.99656,-0.05816,-0.51568,0.08036,0.85300,0.64425,0.00512,2.25831
1695921998.44476,0.99838,-0.05683,-0.00166,0.05684,0.99723,0.04795,-0.00107,-0.04797,0.99885,0.66343,0.00559,2.22983
1695921998.57624,0.99834,-0.05735,0.00463,0.05711,0.99749,0.04177,-0.00702,-0.04143,0.99912,0.68659,0.00721,2.21589
1695921998.69644,0.82235,-0.02440,0.56845,0.05376,0.99794,-0.03494,-0.56643,0.05929,0.82197,0.70798,0.00550,2.18365
1695921998.82792,0.99721,-0.05238,0.05312,0.05113,0.99839,0.02451,-0.05432,-0.02173,0.99829,0.71828,0.00789,2.14836
1695921998.97666,0.99822,-0.05202,0.02931,0.05144,0.99847,0.02014,-0.03031,-0.01860,0.99937,0.73228,0.00496,2.14164
1695921999.10436,0.99844,-0.04854,0.02759,0.04785,0.99854,0.02509,-0.02877,-0.02373,0.99930,0.74500,0.00135,2.09854
1695921999.22854,0.99806,-0.05562,0.02783,0.05410,0.99715,0.05263,-0.03068,-0.05102,0.99823,0.76132,0.00263,2.07129
1695921999.35948,0.99374,-0.05240,0.09870,0.05209,0.99863,0.00578,-0.09886,-0.00060,0.99510,0.77697,0.00054,2.04283
1695922000.70093,0.92902,-0.04958,-0.36668,0.07226,0.99621,0.04838,0.36289,-0.07145,0.92909,-0.29930,-0.02996,1.89637
1695922000.80186,0.93659,-0.05576,-0.34595,0.07432,0.99641,0.04062,0.34244,-0.06376,0.93737,-0.29042,-0.02727,1.87577
1695922000.92725,0.93493,-0.06443,-0.34894,0.06897,0.99762,0.00060,0.34807,-0.02463,0.93715,-0.27645,-0.02585,1.85325
1695922001.06106,0.93718,-0.05406,-0.34464,0.07379,0.99629,0.04439,0.34096,-0.06703,0.93769,-0.26458,-0.02191,1.83335
1695922001.17907,0.93850,-0.05003,-0.34164,0.07275,0.99589,0.05402,0.33753,-0.07555,0.93828,-0.25265,-0.02159,1.81671
1695922001.31162,0.94083,-0.05200,-0.33485,0.07636,0.99527,0.06001,0.33015,-0.08203,0.94036,-0.24282,-0.02115,1.79366
1695922001.43350,0.93746,-0.05420,-0.34384,0.07417,0.99622,0.04516,0.34010,-0.06784,0.93794,-0.23662,-0.02196,1.77091
1695922001.54127,0.94021,-0.05522,-0.33609,0.07485,0.99615,0.04573,0.33227,-0.06815,0.94072,-0.22786,-0.02000,1.75743
1695922001.66366,0.95292,-0.05746,-0.29772,0.07440,0.99617,0.04586,0.29395,-0.06585,0.95355,-0.22096,-0.02133,1.74121
1695922001.77940,0.95257,-0.06570,-0.29715,0.07031,0.99751,0.00483,0.29610,-0.02549,0.95482,-0.21440,-0.01992,1.71602
1695922001.91379,0.93840,-0.05267,-0.34151,0.07373,0.99607,0.04898,0.33759,-0.07115,0.93860,-0.20786,-0.02519,1.68454
1695922002.06150,0.94801,-0.05417,-0.31361,0.07411,0.99589,0.05198,0.30950,-0.07252,0.94813,-0.19968,-0.03072,1.64844
1695922002.18188,0.94878,-0.05842,-0.31050,0.07334,0.99664,0.03657,0.30732,-0.05747,0.94987,-0.19651,-0.03345,1.63075
1695922002.32359,0.95849,-0.06204,-0.27830,0.07104,0.99722,0.02235,0.27614,-0.04119,0.96023,-0.19492,-0.03601,1.61365
1695922002.45969,0.94514,-0.06220,-0.32069,0.07333,0.99705,0.02272,0.31833,-0.04499,0.94691,-0.18746,-0.04115,1.57524
1695922002.59066,0.95351,-0.05954,-0.29541,0.07552,0.99622,0.04299,0.29174,-0.06330,0.95440,-0.18333,-0.04077,1.55522
1695922002.71840,0.95276,-0.05832,-0.29809,0.07362,0.99647,0.04038,0.29468,-0.06042,0.95368,-0.17991,-0.04194,1.52752
1695922002.82708,0.94740,-0.06484,-0.31343,0.07631,0.99678,0.02445,0.31084,-0.04708,0.94930,-0.17755,-0.04404,1.49275
1695922002.96465,0.94713,-0.06435,-0.31435,0.07626,0.99676,0.02575,0.31167,-0.04836,0.94896,-0.17968,-0.04514,1.46383
1695922003.08179,0.94223,-0.06365,-0.32885,0.07713,0.99663,0.02808,0.32596,-0.05182,0.94396,-0.18353,-0.04569,1.43543
1695922003.19803,0.94691,-0.06280,-0.31529,0.07369,0.99702,0.02272,0.31293,-0.04474,0.94872,-0.18885,-0.04499,1.40519
1695922003.40141,0.99633,-0.06559,-0.05509,0.06585,0.99783,0.00291,0.05478,-0.00652,0.99848,0.16056,-0.03238,1.37252
1695922003.50049,0.99757,-0.06594,-0.02251,0.06669,0.99718,0.03446,0.02018,-0.03588,0.99915,0.17704,-0.02806,1.33994
1695922003.63378,0.99762,-0.06827,-0.01018,0.06872,0.99615,0.05451,0.00642,-0.05508,0.99846,0.19031,-0.02390,1.31219
1695922003.76631,0.99757,-0.06930,-0.00711,0.06953,0.99671,0.04174,0.00419,-0.04214,0.99910,0.20167,-0.02631,1.28544
1695922003.89302,0.99692,-0.07456,0.02446,0.07339,0.99626,0.04564,-0.02777,-0.04370,0.99866,0.20547,-0.02775,1.25708
1695922004.03572,0.99742,-0.07183,0.00065,0.07176,0.99675,0.03654,-0.00327,-0.03640,0.99933,0.20517,-0.02825,1.23658
1695922004.17623,0.99712,-0.07586,0.00198,0.07564,0.99563,0.05478,-0.00613,-0.05447,0.99850,0.20568,-0.02984,1.21456
1695922004.30463,0.99696,-0.07230,0.02892,0.07111,0.99666,0.04022,-0.03173,-0.03805,0.99877,0.20697,-0.03585,1.19113
1695922004.44392,0.99769,-0.06652,-0.01377,0.06692,0.99728,0.03091,0.01168,-0.03176,0.99943,0.20713,-0.03996,1.15983
1695922004.56089,0.99755,-0.06787,-0.01685,0.06834,0.99723,0.02943,0.01481,-0.03051,0.99942,0.20563,-0.04254,1.13256
1695922004.68624,0.99735,-0.07234,0.00780,0.07192,0.99638,0.04542,-0.01106,-0.04474,0.99894,0.20521,-0.04473,1.10264
1695922004.81659,0.99771,-0.06770,0.00011,0.06765,0.99706,0.03605,-0.00255,-0.03596,0.99935,0.20528,-0.04384,1.08201
1695922004.94873,0.99757,-0.06674,-0.01995,0.06741,0.99710,0.03541,0.01753,-0.03666,0.99917,0.20206,-0.04375,1.04317
1695922005.08464,0.99768,-0.06605,-0.01649,0.06658,0.99720,0.03409,0.01419,-0.03511,0.99928,0.20087,-0.04603,1.01938
1695922005.22032,0.99720,-0.06975,-0.02704,0.07088,0.99654,0.04336,0.02393,-0.04515,0.99869,0.19803,-0.04763,0.99107
1695922005.35453,0.99718,-0.06882,-0.02988,0.06967,0.99717,0.02809,0.02786,-0.03009,0.99916,0.19694,-0.04986,0.96800
1695922005.48220,0.99718,-0.06967,-0.02796,0.07061,0.99692,0.03406,0.02550,-0.03594,0.99903,0.19555,-0.05235,0.94024
1695922005.62279,0.99693,-0.07081,-0.03344,0.07186,0.99693,0.03112,0.03113,-0.03342,0.99896,0.19306,-0.05473,0.91304
1695922005.74919,0.99632,-0.07167,-0.04696,0.07306,0.99692,0.02846,0.04478,-0.03179,0.99849,0.19100,-0.05209,0.88061
1695922005.88586,0.99653,-0.07218,-0.04140,0.07346,0.99683,0.03039,0.03908,-0.03332,0.99868,0.18927,-0.05102,0.85587
1695922006.02206,0.99615,-0.07172,-0.05045,0.07375,0.99648,0.03976,0.04742,-0.04333,0.99793,0.18633,-0.05289,0.83006
1695922006.14717,0.99577,-0.06923,-0.06042,0.07145,0.99681,0.03545,0.05777,-0.03962,0.99754,0.18324,-0.05705,0.79723
1695922006.27715,0.99532,-0.07199,-0.06446,0.07439,0.99659,0.03563,0.06168,-0.04026,0.99728,0.18116,-0.05895,0.77121
1695922006.40353,0.99550,-0.06938,-0.06448,0.07198,0.99665,0.03887,0.06157,-0.04333,0.99716,0.17949,-0.05976,0.74714
1695922006.54152,0.99430,-0.06994,-0.08044,0.07306,0.99666,0.03659,0.07761,-0.04226,0.99609,0.17694,-0.05862,0.71337
1695922006.67343,0.99334,-0.07294,-0.08920,0.07661,0.99632,0.03835,0.08608,-0.04493,0.99528,0.17377,-0.05694,0.68879
1695922006.80151,0.99325,-0.07403,-0.08927,0.07813,0.99600,0.04333,0.08570,-0.05001,0.99506,0.17211,-0.05651,0.66558
1695922006.92831,0.99208,-0.07350,-0.10181,0.07806,0.99608,0.04155,0.09836,-0.04917,0.99394,0.16903,-0.05764,0.63286
1695922007.04819,0.99160,-0.07352,-0.10644,0.07840,0.99602,0.04237,0.10290,-0.05036,0.99342,0.16750,-0.05873,0.61431
1695922007.18162,0.99182,-0.07075,-0.10625,0.07575,0.99617,0.04375,0.10275,-0.05144,0.99338,0.16636,-0.06136,0.59035
1695922007.30971,0.98984,-0.07242,-0.12237,0.07769,0.99622,0.03884,0.11909,-0.04795,0.99172,0.16345,-0.06221,0.55725
1695922007.44435,0.98823,-0.07042,-0.13578,0.07695,0.99609,0.04344,0.13219,-0.05337,0.98979,0.16253,-0.06350,0.53268
1695922007.57116,0.98880,-0.07172,-0.13085,0.07815,0.99594,0.04466,0.12712,-0.05439,0.99040,0.16091,-0.06423,0.50837
1695922007.69672,0.98740,-0.07341,-0.14016,0.08043,0.99574,0.04513,0.13625,-0.05583,0.98910,0.15981,-0.06461,0.47731
1695922007.82038,0.98612,-0.07233,-0.14947,0.08042,0.99557,0.04879,0.14527,-0.06014,0.98756,0.15858,-0.06515,0.45248
1695922007.96340,0.98548,-0.07313,-0.15323,0.08102,0.99566,0.04585,0.14921,-0.05759,0.98713,0.15781,-0.06615,0.43324
1695922008.08661,0.98475,-0.07484,-0.15703,0.08176,0.99592,0.03809,0.15354,-0.05035,0.98686,0.15638,-0.06853,0.40292
1695922008.19853,0.96226,-0.04453,-0.26846,0.05642,0.99773,0.03671,0.26622,-0.05047,0.96259,0.15269,-0.06918,0.37774
1695922060.78838,0.99742,-0.06316,-0.03414,0.06597,0.99388,0.08861,0.02834,-0.09063,0.99548,0.43474,0.03614,3.02532
1695922060.90137,0.99206,-0.05535,-0.11291,0.05729,0.99826,0.01405,0.11194,-0.02041,0.99351,0.45447,0.01952,2.99407
1695922061.01883,0.94019,-0.04912,0.33708,0.06012,0.99794,-0.02228,-0.33529,0.04121,0.94121,0.47934,0.01795,2.98519
1695922061.14536,0.97622,-0.06839,0.20571,0.04484,0.99212,0.11702,-0.21209,-0.10501,0.97159,0.50771,0.03249,2.96314
1695922061.26380,0.99784,-0.06460,-0.01178,0.06538,0.99408,0.08676,0.00611,-0.08735,0.99616,0.51883,0.03892,2.93727
1695922061.40243,0.94772,-0.04249,0.31627,0.05118,0.99851,-0.01920,-0.31498,0.03438,0.94847,0.56193,0.03343,2.91620
1695922061.53677,0.91682,-0.04594,0.39666,0.04623,0.99889,0.00884,-0.39662,0.01024,0.91792,0.58926,0.03344,2.87436
1695922061.67136,0.93051,-0.03168,0.36491,0.04987,0.99793,-0.04052,-0.36287,0.05590,0.93016,0.61481,0.04780,2.85335
1695922061.80406,0.94450,-0.03136,0.32701,0.04718,0.99806,-0.04057,-0.32511,0.05374,0.94415,0.64391,0.06998,2.83439
1695922061.93630,0.99847,-0.04921,0.02531,0.04862,0.99854,0.02370,-0.02644,-0.02243,0.99940,0.67189,0.03888,2.81603
1695922062.06236,0.97330,-0.03899,0.22621,0.04253,0.99904,-0.01080,-0.22557,0.02013,0.97402,0.71552,0.03986,2.80326
1695922062.19622,0.99492,-0.05125,0.08668,0.04938,0.99850,0.02353,-0.08776,-0.01913,0.99596,0.74031,0.02363,2.72079
1695922062.32555,0.93016,-0.03535,0.36546,0.05216,0.99798,-0.03622,-0.36344,0.05276,0.93012,0.76379,0.02074,2.70565
1695922062.47038,0.92621,-0.04700,0.37407,0.04803,0.99882,0.00657,-0.37394,0.01188,0.92738,0.78410,0.00920,2.68229
1695922062.59955,0.98428,-0.06003,0.16613,0.05035,0.99681,0.06191,-0.16932,-0.05258,0.98416,0.81241,0.01680,2.64521
1695922062.73199,0.89736,-0.04682,0.43880,0.04301,0.99890,0.01863,-0.43919,0.00215,0.89839,0.83627,0.00170,2.63077
1695922062.86497,0.88016,-0.03073,0.47368,0.04758,0.99859,-0.02363,-0.47229,0.04334,0.88038,0.85592,-0.00552,2.58571
1695922062.99867,0.99497,-0.05853,0.08132,0.05639,0.99801,0.02837,-0.08282,-0.02365,0.99628,0.87177,-0.00051,2.52494
1695922063.13617,0.85486,-0.02167,0.51841,0.05175,0.99771,-0.04362,-0.51627,0.06411,0.85402,0.89512,-0.00240,2.51107
1695922063.27443,0.98895,-0.06399,0.13371,0.05736,0.99696,0.05280,-0.13669,-0.04455,0.98961,0.90876,0.00853,2.48788
1695922063.40894,0.98699,-0.04708,0.15372,0.04797,0.99885,-0.00210,-0.15344,0.00944,0.98811,0.93269,0.03058,2.46368
1695922063.54651,0.99195,-0.06375,0.10940,0.05522,0.99532,0.07932,-0.11394,-0.07264,0.99083,0.92634,0.02582,2.40695
1695922063.68103,0.99251,-0.04483,0.11360,0.04360,0.99896,0.01335,-0.11408,-0.00830,0.99344,0.95253,-0.00150,2.40294
1695922063.81637,0.99003,-0.09201,0.10660,0.08793,0.99522,0.04243,-0.11000,-0.03263,0.99340,0.93555,0.09149,2.40004
1695922064.02238,0.98806,-0.02357,0.15229,0.02017,0.99951,0.02384,-0.15277,-0.02048,0.98805,1.04177,0.03404,2.31648
1695922064.12589,0.98923,-0.05330,0.13634,0.04839,0.99806,0.03911,-0.13816,-0.03209,0.98989,1.02637,0.02811,2.25906
1695922064.25487,0.98258,-0.06121,0.17547,0.05127,0.99684,0.06060,-0.17863,-0.05055,0.98262,1.05570,0.04814,2.25439
1695922064.84575,0.98506,-0.05584,-0.16293,0.05803,0.99828,0.00866,0.16217,-0.01798,0.98660,0.27192,-0.00382,2.33128
1695922064.97223,0.98874,-0.05844,-0.13773,0.05932,0.99824,0.00231,0.13735,-0.01045,0.99047,0.24596,-0.00306,2.32224
1695922065.10274,0.99003,-0.05901,-0.12794,0.05875,0.99826,-0.00585,0.12806,-0.00172,0.99177,0.21465,-0.00020,2.30001
1695922065.22985,0.98098,-0.05766,-0.18534,0.05888,0.99826,0.00107,0.18496,-0.01196,0.98267,0.19486,-0.00205,2.27712
1695922065.35772,0.91995,-0.05301,0.38843,0.06496,0.99773,-0.01771,-0.38661,0.04152,0.92131,0.17221,-0.00624,2.25673
1695922065.50294,0.97829,-0.06142,-0.19794,0.06236,0.99805,-0.00149,0.19765,-0.01089,0.98021,0.14214,-0.00567,2.24317
1695922065.63366,0.98074,-0.06377,-0.18463,0.06286,0.99796,-0.01081,0.18495,-0.00100,0.98275,0.12037,-0.00947,2.22323
1695922065.77050,0.97153,-0.06052,-0.22908,0.06719,0.99751,0.02143,0.22721,-0.03622,0.97317,0.09035,-0.01207,2.19680
1695922065.90278,0.97499,-0.06211,-0.21338,0.06563,0.99780,0.00944,0.21232,-0.02321,0.97692,0.06334,-0.01485,2.17072
1695922066.03719,0.96424,-0.05999,-0.25816,0.06224,0.99806,0.00053,0.25763,-0.01658,0.96610,0.03014,-0.01675,2.15391
1695922066.17491,0.96561,-0.06505,-0.25173,0.05708,0.99761,-0.03885,0.25366,0.02315,0.96702,-0.01206,-0.02232,2.11758
1695922066.31310,0.94600,-0.06668,-0.31724,0.06086,0.99775,-0.02824,0.31841,0.00741,0.94792,-0.03362,-0.02186,2.08787
1695922066.44658,0.96741,-0.05644,-0.24686,0.06473,0.99757,0.02561,0.24482,-0.04075,0.96871,-0.05088,-0.02269,2.07204
1695922066.56361,0.95116,-0.05683,-0.30343,0.06552,0.99768,0.01855,0.30167,-0.03752,0.95267,-0.05761,-0.02675,2.02608
1695922066.71267,0.95426,-0.06098,-0.29268,0.06615,0.99778,0.00778,0.29155,-0.02678,0.95618,-0.07209,-0.02627,1.99811
1695922066.84552,0.95532,-0.06054,-0.28932,0.06704,0.99767,0.01260,0.28789,-0.03144,0.95715,-0.08119,-0.02575,1.96640
1695922066.98643,0.95210,-0.06205,-0.29943,0.06782,0.99766,0.00890,0.29818,-0.02878,0.95408,-0.09370,-0.02824,1.93203
1695922067.11736,0.95989,-0.06449,-0.27287,0.06609,0.99781,-0.00335,0.27248,-0.01481,0.96205,-0.10237,-0.02452,1.91487
1695922067.24992,0.95554,-0.05764,-0.28918,0.06876,0.99723,0.02843,0.28674,-0.04705,0.95685,-0.11267,-0.02085,1.88136
1695922067.36689,0.94401,-0.05509,-0.32528,0.06735,0.99738,0.02654,0.32296,-0.04696,0.94525,-0.12313,-0.02196,1.84384
1695922067.49004,0.94141,-0.05657,-0.33249,0.07038,0.99708,0.02963,0.32985,-0.05130,0.94264,-0.13310,-0.01668,1.81934
1695922067.79196,0.99817,-0.05260,0.02987,0.05127,0.99773,0.04377,-0.03210,-0.04216,0.99859,0.71177,-0.01004,1.58754
1695922067.89426,0.99758,-0.04940,0.04886,0.04751,0.99811,0.03908,-0.05069,-0.03667,0.99804,0.73016,-0.01489,1.54784
1695922068.02712,0.98712,-0.05198,0.15128,0.04772,0.99836,0.03162,-0.15268,-0.02400,0.98798,0.74253,-0.01570,1.52270
1695922068.45179,0.99872,-0.05047,0.00200,0.05044,0.99867,0.01058,-0.00254,-0.01047,0.99994,0.57503,-0.02678,1.50290
1695922068.55948,0.99680,-0.05461,0.05832,0.05257,0.99797,0.03586,-0.06016,-0.03268,0.99765,0.55793,-0.02827,1.49207
1695922068.69834,0.99784,-0.05469,0.03643,0.05342,0.99797,0.03478,-0.03826,-0.03276,0.99873,0.52964,-0.03263,1.46131
1695922068.82475,0.99846,-0.05031,0.02327,0.04974,0.99846,0.02460,-0.02447,-0.02341,0.99943,0.51775,-0.03171,1.44712
1695922068.96539,0.99860,-0.04879,0.02026,0.04790,0.99797,0.04195,-0.02226,-0.04093,0.99891,0.50967,-0.03355,1.43109
1695922069.09948,0.99837,-0.05197,0.02346,0.05095,0.99781,0.04229,-0.02561,-0.04103,0.99883,0.50326,-0.03144,1.40873
1695922069.23074,0.99867,-0.05136,0.00451,0.05117,0.99806,0.03552,-0.00632,-0.03524,0.99936,0.49703,-0.02999,1.39060
1695922069.35080,0.99882,-0.04866,0.00085,0.04860,0.99818,0.03570,-0.00258,-0.03562,0.99936,0.49558,-0.03076,1.36787
1695922069.49241,0.99868,-0.05080,0.00777,0.05045,0.99790,0.04056,-0.00981,-0.04012,0.99915,0.49206,-0.03387,1.34319
1695922069.61288,0.99874,-0.04936,-0.00919,0.04970,0.99795,0.04041,0.00718,-0.04081,0.99914,0.48406,-0.03683,1.31605
1695922069.76559,0.99870,-0.05066,-0.00480,0.05080,0.99801,0.03746,0.00289,-0.03766,0.99929,0.47931,-0.03666,1.29314
1695922069.90209,0.99856,-0.05116,-0.01587,0.05171,0.99802,0.03590,0.01400,-0.03667,0.99923,0.47259,-0.03968,1.26429
1695922070.03851,0.99819,-0.05088,-0.03206,0.05206,0.99796,0.03706,0.03011,-0.03866,0.99880,0.46961,-0.04151,1.24106
1695922070.17781,0.99849,-0.05056,-0.02156,0.05127,0.99812,0.03365,0.01982,-0.03470,0.99920,0.46626,-0.04047,1.21649
1695922070.30166,0.99863,-0.04998,-0.01521,0.05058,0.99781,0.04251,0.01305,-0.04322,0.99898,0.48018,-0.04153,1.19272
1695922070.46250,0.99825,-0.04901,-0.03305,0.05008,0.99823,0.03223,0.03142,-0.03383,0.99893,0.48215,-0.04371,1.16103
1695922070.59569,0.99859,-0.04961,-0.01908,0.05016,0.99831,0.02942,0.01759,-0.03033,0.99939,0.48855,-0.04513,1.12841
1695922070.72822,0.99846,-0.05236,-0.01814,0.05295,0.99802,0.03384,0.01633,-0.03475,0.99926,0.49123,-0.04710,1.10676
1695922070.85362,0.99848,-0.05311,-0.01485,0.05361,0.99792,0.03569,0.01292,-0.03643,0.99925,0.49585,-0.04746,1.07841
1695922070.99088,0.99832,-0.05703,0.00990,0.05654,0.99742,0.04431,-0.01241,-0.04367,0.99897,0.50243,-0.04576,1.07051
1695922071.11078,0.99713,-0.05702,0.04984,0.05519,0.99777,0.03744,-0.05187,-0.03458,0.99806,0.50751,-0.05359,1.07123
1695922121.31516,0.99574,-0.05782,-0.07178,0.06188,0.99653,0.05561,0.06832,-0.05981,0.99587,0.50797,0.01874,2.56571
1695922121.41791,0.90488,-0.04651,0.42311,0.05764,0.99825,-0.01354,-0.42174,0.03664,0.90598,0.53960,-0.00028,2.56011
1695922121.72811,0.98989,-0.05793,-0.12949,0.07454,0.98906,0.12730,0.12070,-0.13567,0.98337,0.63073,0.11379,2.45933
1695922121.93453,0.99662,-0.06383,0.05170,0.06027,0.99589,0.06766,-0.05581,-0.06432,0.99637,0.71058,0.01733,2.43170
1695922122.04534,0.99077,-0.07315,0.11412,0.06021,0.99177,0.11296,-0.12144,-0.10504,0.98702,0.68810,0.02437,2.38355
1695922122.16985,0.99560,-0.05133,0.07845,0.04899,0.99830,0.03143,-0.07993,-0.02744,0.99642,0.70812,0.02915,2.37942
1695922122.36981,0.99529,-0.04619,0.08525,0.05044,0.99755,-0.04847,-0.08280,0.05254,0.99518,0.73945,-0.07887,2.31400
1695922122.47260,0.86659,-0.04496,0.49699,0.05701,0.99833,-0.00910,-0.49575,0.03622,0.86771,0.73704,-0.00669,2.29914
1695922122.59189,0.99260,-0.04569,0.11247,0.04954,0.99827,-0.03166,-0.11083,0.03700,0.99315,0.74089,0.00254,2.28503
1695922122.71878,0.99594,-0.05498,0.07128,0.05382,0.99838,0.01820,-0.07217,-0.01429,0.99729,0.73259,0.00680,2.24178
1695922122.84790,0.99576,-0.05790,0.07145,0.05591,0.99800,0.02950,-0.07302,-0.02538,0.99701,0.72969,0.00536,2.22036
1695922122.97377,0.99763,-0.05906,0.03531,0.05803,0.99788,0.02933,-0.03697,-0.02722,0.99895,0.72328,0.00674,2.19574
1695922123.10296,0.99490,-0.05600,0.08384,0.05437,0.99829,0.02167,-0.08491,-0.01700,0.99624,0.72206,0.00499,2.18500
1695922123.24872,0.99652,-0.05564,0.06205,0.05419,0.99822,0.02472,-0.06331,-0.02127,0.99777,0.71624,0.00341,2.15716
1695922123.38916,0.99707,-0.05268,0.05541,0.05148,0.99841,0.02289,-0.05653,-0.01997,0.99820,0.71828,0.00361,2.14298
1695922123.53354,0.99566,-0.05455,0.07534,0.05270,0.99826,0.02633,-0.07665,-0.02225,0.99681,0.72094,-0.00090,2.12682
1695922123.65053,0.99538,-0.04888,0.08263,0.04908,0.99879,-0.00046,-0.08251,0.00451,0.99658,0.71310,-0.00178,2.10543
1695922123.77622,0.99489,-0.05812,0.08255,0.05630,0.99812,0.02415,-0.08380,-0.01938,0.99629,0.70550,-0.00422,2.07604
1695922123.90444,0.99792,-0.05777,0.02858,0.05696,0.99797,0.02862,-0.03018,-0.02693,0.99918,0.69469,-0.01028,2.03766
1695922124.04574,0.99711,-0.05026,0.05698,0.05038,0.99873,-0.00065,-0.05688,0.00352,0.99837,0.69056,-0.01084,2.01403
1695922124.16966,0.99615,-0.05644,0.06708,0.05475,0.99814,0.02674,-0.06847,-0.02297,0.99739,0.68632,-0.00839,1.98966
1695922124.29792,0.99687,-0.06118,0.05005,0.05796,0.99630,0.06338,-0.05374,-0.06028,0.99673,0.67710,-0.00888,1.95412
1695922124.35791,0.99723,-0.05515,0.04993,0.05330,0.99786,0.03775,-0.05191,-0.03498,0.99804,0.67790,-0.01193,1.94446
1695922124.51387,0.99845,-0.05375,0.01428,0.05339,0.99827,0.02457,-0.01558,-0.02377,0.99960,0.66571,-0.01219,1.90389
1695922124.63606,0.99822,-0.05595,0.02072,0.05514,0.99776,0.03800,-0.02280,-0.03679,0.99906,0.66146,-0.01354,1.88093
1695922124.75736,0.99837,-0.05538,0.01399,0.05468,0.99743,0.04639,-0.01653,-0.04555,0.99883,0.65933,-0.01682,1.85508
1695922124.87820,0.99757,-0.05790,0.03870,0.05645,0.99770,0.03747,-0.04078,-0.03519,0.99855,0.65831,-0.01450,1.83690
1695922125.17334,0.93326,-0.05504,-0.35496,0.06029,0.99817,0.00375,0.35411,-0.02490,0.93487,0.06650,-0.01591,1.90583
1695922125.27835,0.93903,-0.05966,-0.33862,0.06577,0.99781,0.00660,0.33748,-0.02847,0.94090,0.02949,-0.01365,1.88343
1695922125.41008,0.91902,-0.05498,-0.39036,0.06490,0.99782,0.01225,0.38883,-0.03659,0.92058,-0.00171,-0.01755,1.85728
1695922125.53276,0.92710,-0.05924,-0.37011,0.06791,0.99764,0.01043,0.36862,-0.03481,0.92893,-0.03127,-0.01596,1.82524
1695922125.66148,0.92411,-0.05476,-0.37818,0.06714,0.99755,0.01962,0.37618,-0.04352,0.92552,-0.05611,-0.02109,1.80478
1695922126.91159,0.93078,-0.05455,-0.36148,0.06560,0.99768,0.01836,0.35964,-0.04081,0.93220,0.04845,-0.02563,1.56748
1695922127.00549,0.93341,-0.04987,-0.35534,0.06449,0.99748,0.02942,0.35298,-0.05037,0.93428,0.03218,-0.02575,1.54418
1695922127.11842,0.92060,-0.05414,-0.38673,0.06594,0.99767,0.01732,0.38490,-0.04144,0.92203,0.01182,-0.03044,1.52196
1695922127.24915,0.91821,-0.05245,-0.39261,0.06844,0.99729,0.02683,0.39014,-0.05150,0.91931,-0.00511,-0.03025,1.49983
1695922127.37206,0.91304,-0.05316,-0.40440,0.06656,0.99760,0.01915,0.40241,-0.04440,0.91438,-0.02317,-0.03420,1.47295
1695922127.49158,0.91596,-0.04819,-0.39835,0.06788,0.99706,0.03546,0.39548,-0.05952,0.91655,-0.03160,-0.03740,1.45233
1695922127.63189,0.91580,-0.05032,-0.39847,0.06661,0.99741,0.02713,0.39607,-0.05138,0.91678,-0.04216,-0.04179,1.43441
1695922127.76500,0.91384,-0.04585,-0.40348,0.06441,0.99739,0.03255,0.40093,-0.05574,0.91441,-0.04835,-0.04427,1.41313
1695922127.88874,0.90888,-0.04859,-0.41422,0.06613,0.99741,0.02811,0.41178,-0.05294,0.90974,-0.05437,-0.04768,1.38283
1695922128.00842,0.90904,-0.05116,-0.41355,0.06498,0.99770,0.01940,0.41160,-0.04451,0.91028,-0.06029,-0.04744,1.35830
1695922128.13857,0.90712,-0.04833,-0.41809,0.06611,0.99742,0.02813,0.41565,-0.05316,0.90797,-0.06485,-0.04770,1.33155
1695922128.26043,0.90066,-0.05154,-0.43145,0.06587,0.99766,0.01833,0.42950,-0.04493,0.90195,-0.07038,-0.04892,1.30794
1695922128.37410,0.90038,-0.05181,-0.43202,0.06595,0.99766,0.01781,0.43009,-0.04452,0.90169,-0.07504,-0.04955,1.27137
1695922128.49079,0.89716,-0.04764,-0.43912,0.06664,0.99738,0.02796,0.43664,-0.05435,0.89799,-0.08221,-0.05304,1.24222
1695922128.62298,0.89587,-0.05119,-0.44135,0.06868,0.99736,0.02371,0.43897,-0.05156,0.89702,-0.08858,-0.05760,1.21450
1695922128.76738,0.89490,-0.05355,-0.44304,0.07099,0.99721,0.02287,0.44058,-0.05192,0.89621,-0.09061,-0.05798,1.18886
1695922128.89382,0.89078,-0.05353,-0.45126,0.07119,0.99721,0.02224,0.44882,-0.05193,0.89211,-0.09955,-0.05406,1.16081
1695922129.02479,0.89418,-0.04786,-0.44515,0.07155,0.99677,0.03657,0.44196,-0.06456,0.89471,-0.09695,-0.04887,1.13681
1695922129.14294,0.87154,-0.05843,-0.48684,0.06885,0.99762,0.00353,0.48547,-0.03659,0.87349,-0.10853,-0.04899,1.11259
1695922129.27834,0.88299,-0.05291,-0.46641,0.07581,0.99666,0.03048,0.46324,-0.06227,0.88404,-0.12028,-0.04960,1.08786
1695922129.38252,0.87012,-0.06440,-0.48862,0.07724,0.99699,0.00615,0.48675,-0.04310,0.87248,-0.13697,-0.05185,1.05467
1695922129.50100,0.87193,-0.05138,-0.48693,0.07890,0.99623,0.03617,0.48323,-0.06996,0.87269,-0.14788,-0.05458,1.02539
1695922129.60884,0.85891,-0.05569,-0.50909,0.07926,0.99655,0.02471,0.50596,-0.06158,0.86036,-0.15934,-0.05990,0.98737
1695922129.72708,0.86317,-0.05041,-0.50240,0.07914,0.99621,0.03601,0.49868,-0.07085,0.86389,-0.16807,-0.06184,0.95609
1695922129.85135,0.84853,-0.05301,-0.52649,0.08209,0.99611,0.03202,0.52274,-0.07039,0.84958,-0.17537,-0.06097,0.92966
1695922129.97003,0.85135,-0.05709,-0.52148,0.08357,0.99613,0.02738,0.51789,-0.06689,0.85283,-0.18099,-0.06027,0.90297
1695922130.37005,0.99802,-0.05674,-0.02712,0.05771,0.99768,0.03610,0.02501,-0.03759,0.99898,0.33571,-0.05401,0.77759
1695922182.64144,0.89069,-0.09595,-0.44437,0.06607,0.99442,-0.08229,0.44978,0.04393,0.89206,-0.88661,-0.02655,2.53282
1695922182.77187,0.92128,-0.08151,-0.38027,0.06092,0.99597,-0.06590,0.38411,0.03754,0.92253,-0.86501,-0.03203,2.55299
1695922182.90490,0.92569,-0.06625,-0.37242,0.07352,0.99728,0.00535,0.37106,-0.03233,0.92805,-0.82578,-0.02485,2.52485
1695922183.02651,0.88279,-0.05796,-0.46617,0.07493,0.99703,0.01793,0.46375,-0.05076,0.88451,-0.79556,-0.00758,2.48909
1695922183.16657,0.94517,-0.07424,-0.31803,0.07895,0.99688,0.00192,0.31690,-0.02692,0.94808,-0.79260,0.00609,2.51968
1695922183.87998,0.99800,-0.06101,-0.01668,0.06147,0.99769,0.02875,0.01488,-0.02972,0.99945,0.44841,0.02580,2.44590
1695922183.98904,0.93607,-0.04446,0.34899,0.06237,0.99724,-0.04024,-0.34624,0.05944,0.93626,0.46808,0.02844,2.41528
1695922184.10407,0.93177,-0.04763,0.35990,0.05338,0.99856,-0.00605,-0.35910,0.02485,0.93297,0.49075,0.05200,2.39647
1695922184.31731,0.98875,-0.05835,0.13773,0.06097,0.99803,-0.01489,-0.13659,0.02312,0.99036,0.53996,-0.07720,2.34227
1695922184.40724,0.99328,-0.05823,0.10006,0.05668,0.99823,0.01821,-0.10095,-0.01242,0.99481,0.54511,-0.02056,2.32208
1695922184.52874,0.98982,-0.05239,0.13230,0.05420,0.99848,-0.01010,-0.13156,0.01717,0.99116,0.55303,-0.01292,2.30194
1695922184.65231,0.98627,-0.05144,0.15695,0.05446,0.99840,-0.01504,-0.15592,0.02338,0.98749,0.56003,-0.00297,2.26820
1695922184.76662,0.98535,-0.05917,0.15993,0.05640,0.99817,0.02179,-0.16093,-0.01245,0.98689,0.56175,0.00168,2.24486
1695922184.90606,0.99030,-0.05832,0.12613,0.05571,0.99816,0.02411,-0.12731,-0.01685,0.99172,0.56062,0.00031,2.21442
1695922185.03313,0.98882,-0.06188,0.13564,0.05565,0.99724,0.04924,-0.13831,-0.04114,0.98953,0.56197,0.00158,2.19972
1695922185.16452,0.98274,-0.07303,0.17000,0.06015,0.99500,0.07968,-0.17497,-0.06808,0.98222,0.56481,0.00838,2.19075
1695922185.27460,0.97540,-0.03964,0.21684,0.05501,0.99635,-0.06529,-0.21346,0.07561,0.97402,0.56256,0.00536,2.16147
1695922185.40818,0.99147,-0.06107,0.11511,0.05748,0.99776,0.03427,-0.11695,-0.02736,0.99276,0.55698,0.00356,2.13254
1695922185.52575,0.99342,-0.05936,0.09799,0.05587,0.99772,0.03796,-0.10002,-0.03224,0.99446,0.55341,-0.00130,2.09622
1695922185.66147,0.99272,-0.07092,0.09740,0.05994,0.99197,0.11136,-0.10452,-0.10471,0.98900,0.54685,-0.00591,2.05811
1695922185.79465,0.98942,-0.06556,0.12940,0.05788,0.99638,0.06224,-0.13301,-0.05409,0.98964,0.54798,-0.00696,2.05223
1695922185.93257,0.99553,-0.06488,0.06862,0.05896,0.99464,0.08500,-0.07377,-0.08057,0.99402,0.53949,-0.01487,2.01033
1695922186.04510,0.95656,-0.04529,0.28799,0.05206,0.99852,-0.01590,-0.28684,0.03020,0.95750,0.54056,-0.01497,2.01031
1695922186.17230,0.98975,-0.05560,0.13157,0.05535,0.99845,0.00560,-0.13168,0.00173,0.99129,0.53947,-0.01523,1.98403
1695922186.29908,0.97970,-0.04373,0.19562,0.05228,0.99788,-0.03874,-0.19351,0.04818,0.97991,0.53815,-0.01123,1.96644
1695922186.43475,0.99526,-0.06523,0.07209,0.05973,0.99531,0.07606,-0.07671,-0.07140,0.99449,0.52927,-0.01421,1.91444
1695922186.56008,0.99487,-0.05968,0.08167,0.05725,0.99786,0.03174,-0.08339,-0.02691,0.99615,0.52566,-0.01291,1.89260
1695922186.69281,0.99493,-0.05561,0.08375,0.05396,0.99830,0.02190,-0.08483,-0.01727,0.99625,0.52138,-0.01266,1.86886
1695922186.80851,0.99144,-0.07028,0.11004,0.06095,0.99443,0.08599,-0.11547,-0.07855,0.99020,0.51567,-0.01241,1.84882
1695922186.94286,0.99283,-0.05858,0.10424,0.05654,0.99815,0.02243,-0.10536,-0.01638,0.99430,0.51365,-0.01125,1.82839
1695922187.05173,0.99297,-0.05400,0.10528,0.05361,0.99854,0.00658,-0.10549,-0.00089,0.99442,0.51083,-0.01170,1.80073
1695922187.17150,0.99602,-0.06210,0.06396,0.05846,0.99665,0.05725,-0.06730,-0.05329,0.99631,0.50384,-0.00904,1.76696
1695922187.28946,0.99581,-0.06254,0.06668,0.06001,0.99742,0.03929,-0.06896,-0.03513,0.99700,0.49965,-0.00735,1.74497
1695922187.43243,0.99716,-0.06194,0.04278,0.05952,0.99668,0.05562,-0.04608,-0.05292,0.99754,0.49439,-0.00641,1.71448
1695922187.56627,0.99635,-0.06089,0.05983,0.05823,0.99727,0.04534,-0.06243,-0.04169,0.99718,0.49229,-0.00779,1.69676
1695922187.70193,0.99750,-0.06108,0.03554,0.05918,0.99688,0.05220,-0.03861,-0.04996,0.99800,0.48660,-0.01044,1.67272
1695922187.84635,0.99656,-0.06097,0.05619,0.05872,0.99744,0.04073,-0.05853,-0.03729,0.99759,0.48401,-0.01377,1.64737
1695922187.98277,0.99751,-0.05929,0.03828,0.05718,0.99690,0.05402,-0.04137,-0.05170,0.99781,0.48091,-0.01710,1.62562
1695922188.11745,0.99728,-0.05687,0.04681,0.05504,0.99770,0.03955,-0.04896,-0.03686,0.99812,0.47684,-0.01860,1.59804
1695922188.24176,0.99775,-0.05704,0.03529,0.05558,0.99761,0.04107,-0.03755,-0.03901,0.99853,0.47365,-0.02062,1.56991
1695922188.36565,0.99789,-0.05691,0.03126,0.05555,0.99755,0.04261,-0.03361,-0.04079,0.99860,0.46950,-0.02655,1.53755
1695922188.50050,0.99822,-0.05459,0.02385,0.05367,0.99785,0.03774,-0.02586,-0.03640,0.99900,0.46749,-0.03098,1.51273
1695922188.63826,0.99831,-0.05284,0.02433,0.05206,0.99814,0.03186,-0.02597,-0.03054,0.99920,0.46522,-0.03229,1.49038
1695922188.76826,0.99870,-0.05054,0.00723,0.05031,0.99830,0.02936,-0.00870,-0.02896,0.99954,0.46303,-0.03205,1.45772
1695922188.90577,0.99839,-0.05443,0.01585,0.05391,0.99805,0.03157,-0.01754,-0.03067,0.99938,0.46173,-0.03591,1.43355
1695922189.04067,0.99856,-0.05184,0.01402,0.05131,0.99802,0.03632,-0.01587,-0.03555,0.99924,0.46011,-0.03520,1.40770
1695922189.17872,0.99876,-0.04963,0.00432,0.04941,0.99794,0.04093,-0.00634,-0.04067,0.99915,0.45989,-0.03626,1.38061
1695922189.32113,0.99887,-0.04724,0.00573,0.04697,0.99808,0.04036,-0.00762,-0.04005,0.99917,0.46153,-0.03358,1.34874
1695922189.45479,0.99886,-0.04740,0.00605,0.04712,0.99811,0.03933,-0.00790,-0.03900,0.99921,0.46195,-0.03565,1.32800
1695922189.57805,0.99878,-0.04931,-0.00100,0.04931,0.99783,0.04367,-0.00116,-0.04367,0.99905,0.46077,-0.03692,1.29335
1695922189.71706,0.99879,-0.04903,-0.00469,0.04915,0.99830,0.03131,0.00314,-0.03150,0.99950,0.46019,-0.03923,1.26794
1695922189.85376,0.99871,-0.05043,-0.00538,0.05060,0.99793,0.03979,0.00336,-0.04001,0.99919,0.46088,-0.03857,1.24163
1695922189.99082,0.99859,-0.05175,-0.01219,0.05233,0.99721,0.05322,0.00940,-0.05378,0.99851,0.45943,-0.03859,1.20855
1695922190.11970,0.99866,-0.05165,-0.00366,0.05176,0.99752,0.04777,0.00118,-0.04790,0.99885,0.46265,-0.03968,1.19008
1695922190.24500,0.99860,-0.05123,-0.01286,0.05176,0.99765,0.04480,0.01054,-0.04540,0.99891,0.46375,-0.04220,1.15073
1695922190.37410,0.99857,-0.05138,-0.01498,0.05199,0.99769,0.04368,0.01271,-0.04439,0.99893,0.46512,-0.04574,1.12492
1695922190.50146,0.99842,-0.05358,-0.01677,0.05421,0.99772,0.04010,0.01459,-0.04095,0.99905,0.46670,-0.04522,1.10090
1695922190.64476,0.99815,-0.05715,-0.02057,0.05791,0.99760,0.03808,0.01834,-0.03920,0.99906,0.46499,-0.04438,1.06781
1695922190.77161,0.99822,-0.05492,-0.02344,0.05581,0.99766,0.03951,0.02121,-0.04075,0.99894,0.46401,-0.04216,1.04279
1695922190.90321,0.99828,-0.05226,-0.02665,0.05342,0.99755,0.04508,0.02423,-0.04642,0.99863,0.46377,-0.04250,1.01895
1695922191.03425,0.99840,-0.04952,-0.02715,0.05071,0.99770,0.04497,0.02486,-0.04628,0.99862,0.46417,-0.04445,0.99224
