1696052562.24845,0.92072,-0.02714,0.38927,0.05380,0.99688,-0.05775,-0.38649,0.07412,0.91931,0.62913,0.04261,2.74453
1696052563.38074,0.99098,-0.06066,0.11946,0.05273,0.99626,0.06843,-0.12317,-0.06152,0.99048,1.07593,0.01877,2.37531
1696052563.67714,0.98066,-0.09799,0.16942,0.08905,0.99424,0.05965,-0.17429,-0.04341,0.98374,1.10750,0.11860,2.32194
1696052564.61875,0.94660,-0.06134,-0.31653,0.06266,0.99802,-0.00604,0.31628,-0.01411,0.94856,-0.08317,-0.01234,2.42624
1696052564.92176,0.93368,-0.06497,-0.35216,0.06680,0.99774,-0.00695,0.35182,-0.01703,0.93591,-0.17286,-0.00852,2.35752
1696052565.02303,0.92950,-0.06014,-0.36388,0.07088,0.99735,0.01622,0.36194,-0.04086,0.93130,-0.19497,-0.00777,2.32226
1696052565.16418,0.92786,-0.06142,-0.36784,0.06944,0.99755,0.00861,0.36641,-0.03353,0.92985,-0.21371,-0.00471,2.31088
1696052565.28863,0.93043,-0.06135,-0.36129,0.06325,0.99798,-0.00656,0.36096,-0.01675,0.93243,-0.24047,-0.00665,2.28468
1696052565.54407,0.91551,-0.03933,0.40036,0.06469,0.99665,-0.05002,-0.39705,0.07169,0.91499,0.20699,-0.00147,2.21770
1696052565.68313,0.92970,-0.04809,0.36516,0.06672,0.99703,-0.03854,-0.36223,0.06020,0.93014,0.21040,-0.00293,2.20017
1696052565.81199,0.92780,-0.04610,0.37021,0.06598,0.99697,-0.04122,-0.36719,0.06267,0.92803,0.21228,-0.01015,2.17379
1696052565.93963,0.99667,-0.05580,-0.05946,0.05370,0.99789,-0.03646,0.06137,0.03315,0.99756,0.22232,-0.01353,2.17296
1696052566.05251,0.98324,-0.05608,-0.17347,0.06349,0.99728,0.03745,0.17089,-0.04783,0.98413,0.22565,-0.01038,2.12478
1696052566.18173,0.98418,-0.05640,-0.16797,0.06347,0.99730,0.03699,0.16543,-0.04707,0.98510,0.23448,-0.00915,2.10181
1696052566.31485,0.91695,-0.03155,0.39776,0.06764,0.99473,-0.07702,-0.39323,0.09753,0.91425,0.23481,-0.01022,2.07334
1696052566.45182,0.98724,-0.05504,-0.14940,0.05910,0.99799,0.02289,0.14784,-0.03142,0.98851,0.23926,-0.00965,2.06310
1696052566.65031,0.98802,-0.05451,-0.14434,0.05765,0.99818,0.01763,0.14312,-0.02574,0.98937,0.24271,-0.01629,2.01006
1696052566.76280,0.99000,-0.05493,-0.12990,0.05683,0.99832,0.01098,0.12908,-0.01825,0.99147,0.24564,-0.01544,1.98936
1696052566.89748,0.98733,-0.05618,-0.14839,0.06100,0.99774,0.02811,0.14647,-0.03680,0.98853,0.24721,-0.01619,1.95606
1696052567.00158,0.98894,-0.05275,-0.13862,0.05766,0.99783,0.03168,0.13665,-0.03932,0.98984,0.24783,-0.01882,1.93123
1696052567.12712,0.98625,-0.05786,-0.15479,0.06356,0.99746,0.03210,0.15254,-0.04150,0.98742,0.24917,-0.01459,1.89108
1696052567.24723,0.98835,-0.05608,-0.14152,0.06399,0.99660,0.05198,0.13812,-0.06043,0.98857,0.24718,-0.01513,1.86768
1696052567.38008,0.98789,-0.05622,-0.14458,0.05971,0.99802,0.01993,0.14318,-0.02832,0.98929,0.24725,-0.01073,1.85140
1696052567.50694,0.98858,-0.05362,-0.14084,0.06034,0.99721,0.04387,0.13810,-0.05186,0.98906,0.24647,-0.00864,1.82555
1696052567.63438,0.98793,-0.05307,-0.14550,0.05872,0.99767,0.03483,0.14331,-0.04295,0.98875,0.24829,-0.00771,1.80608
1696052567.77179,0.98774,-0.05344,-0.14669,0.05936,0.99758,0.03622,0.14440,-0.04448,0.98852,0.24926,-0.01188,1.77766
1696052567.90916,0.98899,-0.05399,-0.13776,0.06169,0.99673,0.05228,0.13448,-0.06020,0.98909,0.24625,-0.01091,1.75634
1696052568.03103,0.99076,-0.05732,-0.12291,0.05960,0.99811,0.01494,0.12182,-0.02213,0.99231,0.24530,-0.01242,1.73261
1696052568.09197,0.99177,-0.05652,-0.11491,0.06162,0.99724,0.04137,0.11225,-0.04811,0.99251,0.24732,-0.01560,1.70605
1696052568.23908,0.98775,-0.05348,-0.14662,0.06293,0.99618,0.06056,0.14282,-0.06904,0.98734,0.24332,-0.01554,1.66749
1696052568.36356,0.98600,-0.05786,-0.15638,0.06397,0.99736,0.03432,0.15398,-0.04385,0.98710,0.24183,-0.01770,1.64124
1696052568.48769,0.98685,-0.05638,-0.15147,0.06194,0.99756,0.03221,0.14929,-0.04117,0.98794,0.24048,-0.02050,1.61618
1696052568.61657,0.98684,-0.05562,-0.15184,0.06099,0.99766,0.03092,0.14976,-0.03977,0.98792,0.23816,-0.02503,1.58546
1696052568.73742,0.98691,-0.05374,-0.15204,0.05998,0.99752,0.03680,0.14969,-0.04544,0.98769,0.23742,-0.03008,1.56505
1696052568.87573,0.98832,-0.05174,-0.14331,0.05616,0.99806,0.02700,0.14164,-0.03473,0.98931,0.23691,-0.03229,1.55218
1696052569.01563,0.98641,-0.04946,-0.15671,0.05602,0.99771,0.03778,0.15449,-0.04604,0.98692,0.23590,-0.03106,1.51871
1696052569.15719,0.98812,-0.05020,-0.14525,0.05563,0.99789,0.03353,0.14326,-0.04121,0.98883,0.23858,-0.03007,1.49442
1696052569.29463,0.98646,-0.05028,-0.15608,0.05967,0.99665,0.05602,0.15274,-0.06457,0.98615,0.23714,-0.02996,1.46611
1696052569.43417,0.98561,-0.05006,-0.16144,0.05767,0.99742,0.04280,0.15888,-0.05149,0.98595,0.23555,-0.03001,1.44075
1696052569.57422,0.98815,-0.05035,-0.14496,0.05711,0.99745,0.04285,0.14244,-0.05063,0.98851,0.23592,-0.03215,1.41906
1696052569.64436,0.98810,-0.05041,-0.14533,0.05614,0.99779,0.03559,0.14322,-0.04332,0.98874,0.23670,-0.03647,1.38475
1696052569.78638,0.98850,-0.04960,-0.14285,0.05510,0.99787,0.03481,0.14082,-0.04228,0.98913,0.23890,-0.03779,1.35536
1696052569.91604,0.98712,-0.04986,-0.15200,0.05536,0.99795,0.03215,0.15009,-0.04015,0.98786,0.23777,-0.04111,1.32456
1696052570.05277,0.98610,-0.04926,-0.15866,0.05483,0.99801,0.03097,0.15682,-0.03924,0.98685,0.23831,-0.04109,1.28983
1696052570.19486,0.98651,-0.05113,-0.15549,0.05779,0.99758,0.03864,0.15314,-0.04710,0.98708,0.23828,-0.03864,1.26551
1696052570.32708,0.98638,-0.05183,-0.15613,0.05778,0.99776,0.03384,0.15403,-0.04240,0.98716,0.23831,-0.04090,1.24202
1696052570.46935,0.98758,-0.05145,-0.14846,0.05569,0.99815,0.02456,0.14692,-0.03252,0.98861,0.23935,-0.04381,1.21462
1696052570.60312,0.98696,-0.05361,-0.15180,0.05924,0.99771,0.03276,0.14970,-0.04133,0.98787,0.23866,-0.04516,1.19502
1696052570.72969,0.98546,-0.05622,-0.16033,0.06238,0.99748,0.03369,0.15803,-0.04321,0.98649,0.23679,-0.04758,1.16003
1696052570.86359,0.98523,-0.05359,-0.16261,0.05943,0.99774,0.03129,0.16056,-0.04049,0.98619,0.23518,-0.04621,1.13501
1696052571.00133,0.98434,-0.05369,-0.16788,0.06027,0.99759,0.03433,0.16564,-0.04391,0.98521,0.23474,-0.04223,1.10809
1696052621.81377,0.99668,-0.06263,0.05196,0.05892,0.99580,0.07004,-0.05613,-0.06675,0.99619,0.79369,-0.01105,2.54724
1696052621.90911,0.95305,-0.02452,0.30182,0.04678,0.99667,-0.06676,-0.29918,0.07775,0.95103,0.82999,-0.00397,2.56176
1696052622.04828,0.99117,-0.05255,0.12174,0.04925,0.99834,0.03000,-0.12312,-0.02374,0.99211,0.86311,0.00369,2.50884
1696052622.45772,0.81161,-0.03669,0.58304,0.04460,0.99900,0.00077,-0.58249,0.02538,0.81244,0.95192,0.02489,2.40611
1696052623.15605,0.97565,-0.05837,0.21144,0.04765,0.99732,0.05546,-0.21411,-0.04403,0.97582,1.10701,0.03134,2.20933
1696052623.68636,0.98628,-0.05573,-0.15541,0.05819,0.99824,0.01132,0.15450,-0.02021,0.98779,0.34023,0.00580,2.35525
1696052623.79325,0.99251,-0.06005,-0.10635,0.06123,0.99809,0.00784,0.10568,-0.01430,0.99430,0.30710,0.00642,2.35135
1696052623.91611,0.98590,-0.05699,-0.15735,0.06561,0.99658,0.05017,0.15395,-0.05978,0.98627,0.26816,0.00299,2.32509
1696052624.11434,0.97848,-0.04984,-0.20022,0.05844,0.99760,0.03725,0.19788,-0.04815,0.97904,0.22514,0.00294,2.29333
1696052624.18149,0.98351,-0.05193,-0.17323,0.05834,0.99778,0.03207,0.17118,-0.04165,0.98436,0.20359,0.00439,2.27241
1696052624.52185,0.93553,-0.04856,0.34991,0.06989,0.99637,-0.04860,-0.34628,0.06992,0.93552,0.16829,-0.00410,2.20605
1696052624.62700,0.98356,-0.06193,-0.16963,0.06315,0.99800,0.00181,0.16918,-0.01250,0.98551,0.16022,-0.00871,2.19920
1696052624.75449,0.94222,-0.05352,0.33068,0.06789,0.99718,-0.03205,-0.32803,0.05265,0.94320,0.14595,-0.00969,2.17223
1696052624.88652,0.97009,-0.05898,-0.23545,0.06354,0.99791,0.01180,0.23426,-0.02641,0.97181,0.13273,-0.01077,2.14285
1696052624.94432,0.97624,-0.05842,-0.20865,0.06178,0.99804,0.00960,0.20768,-0.02226,0.97794,0.12417,-0.01302,2.13102
1696052625.18067,0.97765,-0.05656,-0.20251,0.06081,0.99804,0.01485,0.20127,-0.02684,0.97917,0.10744,-0.01412,2.08803
1696052625.27938,0.97164,-0.05280,-0.23051,0.06104,0.99772,0.02872,0.22847,-0.04197,0.97265,0.10127,-0.01721,2.05814
1696052625.40362,0.97828,-0.05911,-0.19870,0.06269,0.99796,0.01175,0.19760,-0.02395,0.97999,0.09798,-0.01722,2.04540
1696052625.53445,0.94704,-0.04755,0.31757,0.06888,0.99604,-0.05627,-0.31363,0.07517,0.94656,0.09018,-0.01778,2.01183
1696052625.65375,0.97034,-0.05741,-0.23481,0.06348,0.99781,0.01839,0.23325,-0.03275,0.97187,0.09183,-0.01990,1.99044
1696052625.76253,0.97341,-0.05808,-0.22158,0.06339,0.99784,0.01695,0.22012,-0.03054,0.97500,0.08264,-0.01996,1.96856
1696052625.90296,0.97319,-0.05976,-0.22209,0.06260,0.99802,0.00579,0.22131,-0.01954,0.97501,0.07720,-0.02166,1.95254
1696052625.99370,0.97613,-0.05656,-0.20968,0.06439,0.99745,0.03067,0.20742,-0.04344,0.97729,0.07232,-0.01932,1.93640
1696052626.13026,0.96758,-0.05862,-0.24565,0.06892,0.99706,0.03352,0.24296,-0.04936,0.96878,0.06643,-0.01671,1.89616
1696052626.25731,0.96834,-0.05058,-0.24444,0.06213,0.99728,0.03976,0.24177,-0.05369,0.96885,0.06323,-0.01760,1.86799
1696052626.36297,0.97394,-0.05314,-0.22048,0.06637,0.99638,0.05305,0.21687,-0.06630,0.97395,0.06097,-0.01300,1.85584
1696052626.48994,0.97175,-0.05169,-0.23030,0.06148,0.99748,0.03552,0.22788,-0.04867,0.97247,0.05699,-0.01243,1.83476
1696052626.70105,0.96595,-0.05746,-0.25225,0.06787,0.99716,0.03274,0.24965,-0.04875,0.96711,0.04222,-0.01388,1.77500
1696052626.80634,0.96920,-0.05371,-0.24037,0.06442,0.99724,0.03691,0.23772,-0.05125,0.96998,0.03864,-0.01570,1.75120
1696052626.93430,0.96295,-0.05496,-0.26404,0.06561,0.99734,0.03169,0.26159,-0.04784,0.96399,0.03435,-0.01786,1.72558
1696052627.06406,0.96140,-0.05375,-0.26985,0.06700,0.99695,0.04014,0.26687,-0.05667,0.96207,0.02782,-0.01838,1.70024
1696052627.19867,0.96224,-0.05535,-0.26651,0.06559,0.99740,0.02969,0.26417,-0.04605,0.96338,0.01610,-0.02127,1.67384
1696052627.26041,0.96171,-0.05545,-0.26840,0.06524,0.99748,0.02771,0.26619,-0.04416,0.96291,0.01438,-0.02537,1.65262
1696052627.70560,0.99478,-0.05307,0.08719,0.04844,0.99735,0.05433,-0.08984,-0.04982,0.99471,0.63511,-0.02968,1.41112
1696052627.80984,0.99354,-0.05940,0.09667,0.05370,0.99672,0.06056,-0.09995,-0.05498,0.99347,0.64537,-0.03113,1.38030
1696052628.11009,0.99840,-0.05031,-0.02571,0.05114,0.99814,0.03305,0.02400,-0.03431,0.99912,0.36765,-0.03061,1.42720
1696052628.21282,0.99733,-0.04992,-0.05339,0.05239,0.99757,0.04587,0.05097,-0.04855,0.99752,0.34778,-0.03223,1.40143
1696052628.34776,0.99690,-0.04882,-0.06177,0.05131,0.99791,0.03938,0.05971,-0.04242,0.99731,0.33766,-0.03285,1.38533
1696052628.49081,0.99738,-0.04976,-0.05252,0.05179,0.99793,0.03810,0.05052,-0.04072,0.99789,0.33587,-0.03293,1.36871
1696052628.62710,0.99650,-0.04852,-0.06811,0.05122,0.99794,0.03851,0.06610,-0.04186,0.99693,0.32973,-0.03560,1.34796
1696052628.75311,0.99590,-0.05192,-0.07402,0.05464,0.99789,0.03519,0.07204,-0.03909,0.99664,0.32367,-0.03556,1.32467
1696052628.86732,0.99559,-0.05271,-0.07758,0.05564,0.99780,0.03615,0.07550,-0.04031,0.99633,0.31934,-0.03857,1.30639
1696052629.00542,0.99515,-0.05134,-0.08393,0.05471,0.99777,0.03826,0.08177,-0.04267,0.99574,0.31305,-0.03867,1.29000
1696052629.13830,0.99517,-0.05121,-0.08374,0.05431,0.99791,0.03506,0.08177,-0.03944,0.99587,0.30908,-0.03769,1.25918
1696052629.26114,0.99419,-0.05305,-0.09364,0.05667,0.99773,0.03640,0.09150,-0.04150,0.99494,0.30136,-0.03962,1.23517
1696052629.39622,0.99420,-0.05039,-0.09503,0.05432,0.99776,0.03917,0.09285,-0.04410,0.99470,0.29693,-0.04239,1.20513
1696052629.52021,0.99319,-0.05181,-0.10439,0.05627,0.99760,0.04024,0.10206,-0.04584,0.99372,0.29660,-0.04252,1.17801
1696052629.64154,0.99250,-0.05572,-0.10883,0.06045,0.99734,0.04070,0.10627,-0.04697,0.99323,0.29510,-0.04470,1.15022
1696052629.76151,0.99258,-0.05755,-0.10711,0.06177,0.99742,0.03652,0.10473,-0.04287,0.99358,0.29414,-0.04566,1.12668
1696052629.87179,0.99214,-0.05686,-0.11148,0.06235,0.99698,0.04638,0.10850,-0.05297,0.99268,0.29450,-0.04235,1.10167
1696052630.00358,0.99163,-0.05460,-0.11696,0.05994,0.99729,0.04262,0.11432,-0.04928,0.99222,0.29111,-0.04022,1.07573
1696052630.14494,0.99109,-0.05108,-0.12297,0.05695,0.99738,0.04468,0.12036,-0.05129,0.99140,0.28752,-0.04039,1.04568
1696052630.28075,0.99193,-0.05210,-0.11563,0.05714,0.99754,0.04067,0.11323,-0.04695,0.99246,0.28669,-0.04280,1.02857
1696052630.40728,0.99046,-0.05401,-0.12678,0.05980,0.99731,0.04236,0.12416,-0.04953,0.99103,0.28424,-0.04552,0.99586
1696052630.51593,0.99011,-0.05402,-0.12945,0.05921,0.99758,0.03655,0.12716,-0.04386,0.99091,0.28360,-0.04832,0.97648
1696052630.59802,0.98950,-0.05637,-0.13310,0.06282,0.99702,0.04476,0.13018,-0.05265,0.99009,0.28479,-0.05191,0.95025
1696052630.74329,0.98834,-0.05738,-0.14105,0.06268,0.99747,0.03341,0.13878,-0.04186,0.98944,0.28224,-0.05330,0.92326
1696052630.87996,0.98825,-0.05560,-0.14236,0.06157,0.99738,0.03791,0.13987,-0.04623,0.98909,0.27927,-0.05227,0.89379
1696052631.01211,0.98757,-0.05627,-0.14677,0.06292,0.99718,0.04102,0.14404,-0.04974,0.98832,0.27895,-0.05538,0.86912
1696052631.15031,0.98597,-0.05393,-0.15795,0.06084,0.99738,0.03926,0.15542,-0.04832,0.98667,0.27482,-0.05604,0.83682
1696052631.27454,0.98602,-0.05405,-0.15760,0.06064,0.99746,0.03729,0.15519,-0.04632,0.98680,0.27495,-0.05631,0.81791
1696052631.39380,0.98501,-0.05475,-0.16361,0.06272,0.99706,0.04394,0.16072,-0.05354,0.98555,0.27392,-0.05653,0.79796
1696052631.52135,0.98399,-0.05822,-0.16844,0.06572,0.99707,0.03926,0.16566,-0.04970,0.98493,0.27367,-0.05674,0.76718
1696052631.65689,0.98334,-0.06054,-0.17137,0.06790,0.99699,0.03736,0.16859,-0.04838,0.98450,0.27350,-0.05740,0.74294
1696052631.78582,0.98268,-0.06152,-0.17478,0.06904,0.99692,0.03726,0.17195,-0.04868,0.98390,0.27131,-0.05873,0.71779
1696052631.92070,0.98222,-0.06007,-0.17787,0.06809,0.99690,0.03931,0.17496,-0.05072,0.98327,0.27040,-0.05833,0.69383
1696052632.03957,0.98092,-0.06064,-0.18469,0.06919,0.99679,0.04021,0.18166,-0.05222,0.98197,0.26822,-0.05864,0.66845
1696052632.17945,0.97993,-0.06005,-0.19009,0.06931,0.99669,0.04241,0.18692,-0.05474,0.98085,0.26600,-0.05987,0.63881
1696052632.30977,0.97838,-0.06091,-0.19766,0.07070,0.99658,0.04282,0.19437,-0.05587,0.97933,0.26224,-0.06022,0.61482
1696052632.44104,0.97697,-0.06112,-0.20445,0.07206,0.99632,0.04646,0.20086,-0.06012,0.97777,0.26026,-0.05925,0.58936
1696052684.06401,0.90550,-0.04880,0.42152,0.05755,0.99831,-0.00807,-0.42042,0.03156,0.90678,0.58235,0.01995,2.54197
1696052684.69141,0.98118,-0.05925,-0.18378,0.05910,0.99823,-0.00626,0.18383,-0.00472,0.98295,0.38090,0.04253,2.42377
1696052684.86718,0.99461,-0.05383,-0.08858,0.04950,0.99751,-0.05032,0.09107,0.04566,0.99480,0.34889,-0.07228,2.43251
1696052684.96542,0.98078,-0.03494,0.19195,0.05890,0.99096,-0.12058,-0.18600,0.12956,0.97397,0.33330,-0.01178,2.44388
1696052685.10813,0.99025,-0.05661,-0.12730,0.06314,0.99686,0.04781,0.12419,-0.05538,0.99071,0.31265,0.00226,2.38829
1696052685.22661,0.91631,-0.04446,0.39800,0.06292,0.99746,-0.03342,-0.39551,0.05566,0.91677,0.29824,0.00278,2.35862
1696052685.42708,0.97986,-0.05915,-0.19072,0.06544,0.99749,0.02686,0.18866,-0.03880,0.98128,0.27421,0.00345,2.32112
1696052685.52857,0.98233,-0.05606,-0.17858,0.06556,0.99670,0.04777,0.17531,-0.05863,0.98277,0.26481,0.00401,2.30582
1696052685.64762,0.98772,-0.05641,-0.14572,0.06241,0.99737,0.03689,0.14325,-0.04553,0.98864,0.25825,0.00558,2.29411
1696052685.77693,0.98273,-0.05804,-0.17571,0.06515,0.99726,0.03493,0.17321,-0.04577,0.98382,0.24891,0.00282,2.26445
1696052685.90194,0.99653,-0.06221,0.05533,0.06042,0.99761,0.03344,-0.05728,-0.02998,0.99791,0.23936,-0.00003,2.28149
1696052686.02613,0.99548,-0.05903,0.07433,0.05944,0.99823,-0.00332,-0.07400,0.00772,0.99723,0.23293,0.00058,2.26318
1696052686.15014,0.98547,-0.05772,-0.15972,0.06736,0.99618,0.05562,0.15590,-0.06557,0.98559,0.22244,-0.00436,2.20375
1696052686.27583,0.97793,-0.05774,-0.20081,0.06479,0.99749,0.02871,0.19865,-0.04109,0.97921,0.21636,-0.00896,2.17802
1696052686.38680,0.91961,-0.04152,0.39064,0.06998,0.99581,-0.05890,-0.38655,0.08150,0.91866,0.20987,-0.01489,2.15110
1696052686.44753,0.97817,-0.05609,-0.20007,0.06780,0.99634,0.05215,0.19641,-0.06458,0.97839,0.19921,-0.01183,2.12145
1696052686.59152,0.97687,-0.05671,-0.20620,0.05996,0.99816,0.00954,0.20528,-0.02169,0.97846,0.18649,-0.01155,2.09969
1696052686.77776,0.98037,-0.05794,-0.18846,0.05959,0.99822,0.00313,0.18795,-0.01430,0.98208,0.16962,-0.01344,2.06245
1696052686.88468,0.93213,-0.04801,0.35893,0.06710,0.99691,-0.04093,-0.35585,0.06223,0.93247,0.16303,-0.01503,2.03470
1696052687.00743,0.97606,-0.05503,-0.21041,0.06325,0.99747,0.03253,0.20808,-0.04506,0.97707,0.15706,-0.01687,2.01298
1696052687.13115,0.97312,-0.05171,-0.22440,0.05805,0.99808,0.02172,0.22284,-0.03416,0.97426,0.15610,-0.01719,1.99306
1696052687.23575,0.99775,-0.06048,-0.02895,0.05987,0.99798,-0.02132,0.03018,0.01954,0.99935,0.14938,-0.02024,1.99745
1696052687.36898,0.97866,-0.05451,-0.19811,0.05472,0.99849,-0.00442,0.19805,-0.00651,0.98017,0.14524,-0.01872,1.95052
1696052687.50046,0.97552,-0.05671,-0.21247,0.06250,0.99783,0.02065,0.21084,-0.03342,0.97695,0.14265,-0.01947,1.92829
1696052687.63550,0.97521,-0.05475,-0.21441,0.05862,0.99821,0.01175,0.21338,-0.02402,0.97667,0.13558,-0.01954,1.90617
1696052687.74670,0.96989,-0.05476,-0.23730,0.06174,0.99785,0.02208,0.23558,-0.03606,0.97119,0.12940,-0.01588,1.87914
1696052687.84080,0.97386,-0.05266,-0.22095,0.06154,0.99754,0.03348,0.21864,-0.04620,0.97471,0.12102,-0.01093,1.85059
1696052687.94336,0.97082,-0.05142,-0.23423,0.06293,0.99714,0.04194,0.23140,-0.05546,0.97128,0.11667,-0.00981,1.83436
1696052688.08079,0.96787,-0.05272,-0.24585,0.06378,0.99727,0.03723,0.24322,-0.05171,0.96859,0.10724,-0.01325,1.80595
1696052688.21171,0.97444,-0.05735,-0.21720,0.06435,0.99761,0.02526,0.21523,-0.03859,0.97580,0.10144,-0.01351,1.78846
1696052688.34865,0.96712,-0.05714,-0.24781,0.06404,0.99775,0.01984,0.24612,-0.03506,0.96861,0.09261,-0.01609,1.74980
1696052688.47244,0.96863,-0.05687,-0.24191,0.06497,0.99756,0.02565,0.23986,-0.04056,0.96996,0.09075,-0.01826,1.73098
1696052688.59895,0.96390,-0.05553,-0.26041,0.06510,0.99748,0.02826,0.25819,-0.04419,0.96508,0.08557,-0.01715,1.70048
1696052688.72385,0.96355,-0.05516,-0.26177,0.06551,0.99737,0.03096,0.25937,-0.04697,0.96463,0.08182,-0.01977,1.68105
1696052688.86534,0.96529,-0.05484,-0.25538,0.06317,0.99770,0.02453,0.25344,-0.03981,0.96653,0.07704,-0.02213,1.66049
1696052688.99520,0.96072,-0.05268,-0.27246,0.06441,0.99733,0.03428,0.26993,-0.05049,0.96156,0.07318,-0.02616,1.62309
1696052689.12957,0.96233,-0.05114,-0.26701,0.06340,0.99729,0.03746,0.26437,-0.05298,0.96296,0.07524,-0.02983,1.59848
1696052689.26844,0.96388,-0.05152,-0.26129,0.06126,0.99769,0.02924,0.25918,-0.04419,0.96482,0.07456,-0.03316,1.57350
1696052689.40021,0.95938,-0.04539,-0.27844,0.05969,0.99729,0.04311,0.27573,-0.05798,0.95949,0.07529,-0.03314,1.54289
1696052689.53063,0.96545,-0.04933,-0.25586,0.05971,0.99767,0.03296,0.25364,-0.04710,0.96615,0.07710,-0.03456,1.52255
1696052689.64687,0.96013,-0.04844,-0.27531,0.05847,0.99789,0.02832,0.27335,-0.04329,0.96094,0.07339,-0.03243,1.48637
1696052689.76953,0.96106,-0.04669,-0.27238,0.05709,0.99791,0.03038,0.27040,-0.04475,0.96171,0.07446,-0.03307,1.46040
1696052689.89957,0.96328,-0.04708,-0.26435,0.05807,0.99774,0.03391,0.26216,-0.04802,0.96383,0.07380,-0.03601,1.43706
1696052690.04059,0.96367,-0.04326,-0.26357,0.05344,0.99807,0.03157,0.26170,-0.04451,0.96412,0.07400,-0.04033,1.40903
1696052692.00275,0.95638,-0.05507,-0.28689,0.06239,0.99792,0.01640,0.28539,-0.03359,0.95782,0.22314,-0.05052,1.01738
1696052692.10579,0.95566,-0.05387,-0.28950,0.06098,0.99802,0.01561,0.28808,-0.03257,0.95705,0.20527,-0.05546,0.99440
1696052692.23911,0.95411,-0.05351,-0.29465,0.06122,0.99798,0.01699,0.29315,-0.03425,0.95545,0.19951,-0.05700,0.97723
1696052692.36489,0.95075,-0.05421,-0.30517,0.06424,0.99767,0.02292,0.30321,-0.04140,0.95202,0.19180,-0.05730,0.95699
1696052692.47985,0.94772,-0.05303,-0.31467,0.06123,0.99799,0.01622,0.31317,-0.03464,0.94906,0.18403,-0.05753,0.93553
1696052692.60119,0.94389,-0.05508,-0.32563,0.06487,0.99771,0.01927,0.32382,-0.03931,0.94530,0.17557,-0.05682,0.91637
1696052692.74411,0.94200,-0.05480,-0.33111,0.06532,0.99765,0.02071,0.32920,-0.04114,0.94336,0.16975,-0.05789,0.89174
1696052692.87760,0.93975,-0.05662,-0.33715,0.06692,0.99758,0.01899,0.33526,-0.04041,0.94126,0.16576,-0.05901,0.87324
1696052692.99456,0.93720,-0.05555,-0.34433,0.06537,0.99772,0.01696,0.34260,-0.03841,0.93870,0.16022,-0.06039,0.84829
1696052693.10825,0.93523,-0.05542,-0.34967,0.06686,0.99755,0.02073,0.34766,-0.04276,0.93664,0.15570,-0.06345,0.82346
1696052693.23870,0.93080,-0.05538,-0.36131,0.06701,0.99756,0.01972,0.35934,-0.04256,0.93224,0.14879,-0.06315,0.79695
1696052693.37651,0.92756,-0.05683,-0.36933,0.06963,0.99734,0.02142,0.36713,-0.04558,0.92905,0.14311,-0.06162,0.77234
1696052693.46890,0.92292,-0.05825,-0.38057,0.07081,0.99731,0.01907,0.37843,-0.04455,0.92456,0.13631,-0.06227,0.74223
1696052693.53955,0.92134,-0.05808,-0.38439,0.06998,0.99740,0.01703,0.38241,-0.04260,0.92301,0.13159,-0.06357,0.72469
1696052693.68494,0.91548,-0.05847,-0.39809,0.07220,0.99720,0.01959,0.39583,-0.04668,0.91714,0.12359,-0.06241,0.70038
1696052693.79287,0.91044,-0.05758,-0.40961,0.07335,0.99704,0.02289,0.40708,-0.05088,0.91197,0.11707,-0.06226,0.67484
1696052693.92167,0.90556,-0.05949,-0.42002,0.07276,0.99723,0.01562,0.41793,-0.04471,0.90738,0.11110,-0.06378,0.65031
1696052694.02506,0.90080,-0.06058,-0.42999,0.07669,0.99685,0.02022,0.42741,-0.05119,0.90261,0.10487,-0.06378,0.62572
1696052694.16257,0.89567,-0.06236,-0.44033,0.08088,0.99645,0.02339,0.43731,-0.05656,0.89753,0.10026,-0.06244,0.60054
1696052694.27931,0.89423,-0.06241,-0.44323,0.08061,0.99650,0.02231,0.44028,-0.05568,0.89613,0.09741,-0.06359,0.58293
1696052694.40677,0.89049,-0.06092,-0.45090,0.07864,0.99669,0.02065,0.44815,-0.05385,0.89233,0.09374,-0.06529,0.56322
1696052694.52067,0.88599,-0.06514,-0.45910,0.08359,0.99630,0.01995,0.45610,-0.05605,0.88816,0.09007,-0.06527,0.53864
1696052694.65426,0.88123,-0.06417,-0.46832,0.08342,0.99630,0.02045,0.46528,-0.05709,0.88332,0.08570,-0.06581,0.51352
1696052694.79417,0.87648,-0.06505,-0.47703,0.08278,0.99644,0.01622,0.47427,-0.05371,0.87874,0.08262,-0.06673,0.49430
1696052747.26142,0.91012,-0.01651,0.41402,0.05288,0.99566,-0.07654,-0.41096,0.09155,0.90704,0.71788,0.06543,2.77022
1696052747.58945,0.84798,-0.02923,0.52922,0.04747,0.99865,-0.02092,-0.52790,0.04286,0.84823,0.83637,0.03258,2.66858
1696052747.79294,0.99637,-0.05285,0.06679,0.05210,0.99856,0.01297,-0.06738,-0.00944,0.99768,0.90106,0.00108,2.62195
1696052748.51209,0.95080,-0.04560,0.30642,0.05805,0.99781,-0.03163,-0.30431,0.04786,0.95137,0.34482,0.01954,2.67274
1696052748.71102,0.99812,-0.06076,-0.00762,0.06097,0.99767,0.03069,0.00574,-0.03110,0.99950,0.29183,0.00865,2.67295
1696052748.82237,0.93981,-0.04344,0.33893,0.05968,0.99751,-0.03764,-0.33645,0.05560,0.94006,0.26051,0.01714,2.62276
1696052749.02135,0.99803,-0.06225,0.00783,0.06234,0.99800,-0.01073,-0.00714,0.01120,0.99991,0.20752,0.00035,2.62359
1696052749.10604,0.97831,-0.05153,-0.20061,0.06498,0.99602,0.06104,0.19667,-0.07276,0.97777,0.19382,-0.02611,2.55484
1696052749.55534,0.95338,-0.05913,0.29593,0.06203,0.99807,-0.00041,-0.29534,0.01875,0.95521,0.12551,0.01281,2.50656
1696052749.64373,0.97028,-0.05640,0.23532,0.05748,0.99834,0.00226,-0.23506,0.01133,0.97191,0.10377,0.02734,2.50937
1696052749.97250,0.97495,-0.06030,-0.21408,0.05364,0.99788,-0.03682,0.21585,0.02441,0.97612,0.05386,-0.07615,2.42505
1696052750.43997,0.95747,-0.05717,-0.28283,0.06296,0.99795,0.01141,0.28159,-0.02873,0.95910,-0.05507,0.00284,2.32049
1696052750.67279,0.97741,-0.06175,0.20211,0.06521,0.99782,-0.01049,-0.20103,0.02343,0.97931,-0.09164,0.00201,2.27217
1696052750.86416,0.94410,-0.05962,-0.32423,0.06521,0.99785,0.00640,0.32315,-0.02719,0.94596,-0.11405,-0.00555,2.22840
1696052750.98689,0.94510,-0.05373,-0.32233,0.06462,0.99764,0.02317,0.32032,-0.04273,0.94634,-0.12657,-0.00501,2.20614
1696052751.11357,0.94893,-0.05730,-0.31023,0.06788,0.99742,0.02342,0.30809,-0.04328,0.95037,-0.14103,-0.00891,2.18333
1696052751.42080,0.94626,-0.05768,-0.31823,0.07002,0.99717,0.02747,0.31574,-0.04827,0.94762,-0.17649,-0.01605,2.10870
1696052751.52217,0.94803,-0.06587,-0.31130,0.06462,0.99781,-0.01434,0.31156,-0.00652,0.95020,-0.18978,-0.02108,2.09785
1696052751.60966,0.94975,-0.06977,-0.30515,0.06164,0.99744,-0.03619,0.30689,0.01556,0.95162,-0.20527,-0.02344,2.06637
1696052751.72533,0.95566,-0.06441,-0.28733,0.06401,0.99789,-0.01080,0.28742,-0.00807,0.95777,-0.21797,-0.02488,2.04748
1696052751.86246,0.93530,-0.06325,-0.34815,0.06358,0.99792,-0.01049,0.34809,-0.01232,0.93738,-0.22887,-0.03020,2.01107
1696052752.33997,0.90845,-0.02674,0.41714,0.05839,0.99629,-0.06329,-0.41390,0.08185,0.90663,0.44110,-0.01302,1.85440
1696052752.47242,0.91292,-0.03342,0.40676,0.06073,0.99667,-0.05442,-0.40359,0.07438,0.91191,0.44834,-0.00972,1.83312
1696052752.60340,0.99768,-0.06167,0.02877,0.06078,0.99767,0.03093,-0.03061,-0.02911,0.99911,0.44308,-0.00974,1.80634
1696052752.74302,0.99756,-0.05745,0.03961,0.05646,0.99807,0.02574,-0.04101,-0.02344,0.99888,0.43950,-0.00868,1.79348
1696052752.86943,0.99644,-0.06318,0.05591,0.05959,0.99619,0.06362,-0.05971,-0.06007,0.99641,0.43275,-0.00756,1.77472
1696052753.01188,0.89851,-0.03516,0.43754,0.05937,0.99736,-0.04179,-0.43491,0.06353,0.89823,0.42665,-0.00519,1.75570
1696052753.14956,0.99728,-0.06286,0.03849,0.06010,0.99581,0.06899,-0.04266,-0.06649,0.99687,0.42003,-0.00504,1.73805
1696052753.28436,0.99826,-0.05528,0.02074,0.05484,0.99827,0.02130,-0.02188,-0.02012,0.99956,0.40237,-0.00702,1.71878
1696052753.42300,0.99733,-0.05636,0.04648,0.05565,0.99831,0.01649,-0.04733,-0.01386,0.99878,0.38880,-0.00919,1.70133
1696052753.54860,0.99796,-0.05581,0.03099,0.05552,0.99841,0.01011,-0.03151,-0.00836,0.99947,0.37332,-0.01134,1.67400
1696052753.66243,0.99816,-0.05823,-0.01715,0.05924,0.99610,0.06536,0.01328,-0.06626,0.99771,0.36424,-0.01321,1.63992
1696052753.73472,0.99842,-0.05590,-0.00603,0.05597,0.99837,0.01095,0.00541,-0.01127,0.99992,0.35354,-0.01692,1.62580
1696052753.88603,0.99807,-0.05711,-0.02441,0.05822,0.99717,0.04765,0.02162,-0.04898,0.99857,0.33164,-0.02192,1.59452
1696052754.02468,0.99770,-0.05575,-0.03855,0.05651,0.99822,0.01908,0.03742,-0.02122,0.99907,0.31485,-0.02619,1.57771
1696052754.16066,0.99758,-0.05330,-0.04470,0.05423,0.99833,0.01996,0.04356,-0.02234,0.99880,0.29865,-0.02920,1.55610
1696052754.29893,0.99663,-0.05086,-0.06441,0.05130,0.99867,0.00514,0.06407,-0.00842,0.99791,0.27525,-0.03348,1.52761
1696052754.42881,0.99482,-0.05187,-0.08744,0.05409,0.99827,0.02317,0.08609,-0.02778,0.99590,0.26405,-0.03365,1.50867
1696052754.55558,0.99513,-0.05116,-0.08431,0.05352,0.99823,0.02607,0.08283,-0.03046,0.99610,0.25137,-0.03475,1.48745
1696052754.69898,0.99435,-0.05030,-0.09344,0.05274,0.99832,0.02384,0.09209,-0.02864,0.99534,0.24247,-0.03684,1.46821
1696052754.82956,0.99269,-0.04654,-0.11136,0.04945,0.99850,0.02352,0.11010,-0.02886,0.99350,0.22712,-0.03504,1.43890
1696052754.96810,0.99110,-0.04924,-0.12370,0.05292,0.99824,0.02664,0.12217,-0.03295,0.99196,0.21352,-0.03481,1.41340
1696052755.09121,0.98780,-0.04981,-0.14755,0.05416,0.99820,0.02561,0.14601,-0.03329,0.98872,0.19509,-0.03562,1.38502
1696052755.22821,0.98615,-0.05158,-0.15761,0.05567,0.99821,0.02163,0.15621,-0.03011,0.98726,0.17789,-0.03654,1.36505
1696052755.36215,0.98217,-0.05357,-0.18018,0.05935,0.99788,0.02688,0.17835,-0.03709,0.98327,0.16243,-0.03747,1.34057
1696052755.44133,0.97834,-0.05387,-0.19988,0.06126,0.99764,0.03096,0.19774,-0.04253,0.97933,0.14118,-0.03617,1.31080
1696052755.58552,0.97785,-0.05368,-0.20230,0.06043,0.99780,0.02738,0.20039,-0.03900,0.97894,0.12641,-0.03688,1.28983
1696052755.70735,0.97158,-0.05568,-0.23006,0.06360,0.99761,0.02715,0.22800,-0.04101,0.97280,0.11235,-0.03657,1.26270
1696052755.85185,0.96930,-0.05822,-0.23891,0.06798,0.99715,0.03281,0.23632,-0.04805,0.97049,0.09723,-0.04052,1.24043
1696052755.98188,0.95972,-0.06186,-0.27408,0.06772,0.99763,0.01195,0.27269,-0.03003,0.96163,0.07408,-0.04020,1.20875
1696052756.11891,0.96025,-0.06268,-0.27202,0.07029,0.99736,0.01832,0.27015,-0.03671,0.96212,0.05857,-0.04201,1.18529
1696052756.24586,0.95374,-0.06258,-0.29404,0.07037,0.99739,0.01598,0.29227,-0.03594,0.95566,0.04166,-0.04629,1.15885
1696052756.38378,0.94847,-0.05734,-0.31165,0.06937,0.99721,0.02763,0.30919,-0.04782,0.94980,0.02907,-0.04495,1.13630
1696052756.50498,0.93887,-0.06056,-0.33891,0.07071,0.99734,0.01764,0.33694,-0.04053,0.94065,0.00973,-0.04302,1.10667
1696052756.62855,0.93833,-0.06537,-0.33950,0.07655,0.99687,0.01963,0.33715,-0.04441,0.94040,-0.00333,-0.04317,1.08283
1696052756.76454,0.93557,-0.06444,-0.34721,0.07778,0.99667,0.02458,0.34447,-0.05000,0.93747,-0.01822,-0.04758,1.05431
1696052756.90334,0.92764,-0.06358,-0.36802,0.07711,0.99678,0.02214,0.36543,-0.04892,0.92955,-0.03886,-0.05175,1.02187
1696052757.04099,0.91917,-0.06467,-0.38851,0.07770,0.99682,0.01788,0.38611,-0.04662,0.92127,-0.05495,-0.05418,0.99332
1696052757.16468,0.91486,-0.06469,-0.39855,0.07824,0.99678,0.01780,0.39611,-0.04746,0.91697,-0.06917,-0.05657,0.96539
1696052757.29342,0.90796,-0.06088,-0.41461,0.08038,0.99632,0.02975,0.41127,-0.06034,0.90951,-0.08428,-0.05704,0.93516
1696052757.38106,0.90295,-0.06211,-0.42524,0.08280,0.99610,0.03033,0.42170,-0.06260,0.90457,-0.09967,-0.05652,0.90920
1696052806.86468,0.64103,-0.02177,-0.76720,0.08415,0.99557,0.04206,0.76289,-0.09152,0.64002,-1.51749,0.00397,3.06734
1696052807.66378,0.99687,-0.06796,-0.04043,0.06810,0.99768,0.00197,0.04020,-0.00472,0.99918,-1.30517,0.04273,3.07383
1696052808.00171,0.70922,-0.01826,-0.70475,0.07099,0.99643,0.04562,0.70140,-0.08239,0.70799,-1.23861,-0.00145,3.00996
1696052808.94604,0.66999,-0.04616,-0.74094,0.06055,0.99814,-0.00743,0.73990,-0.03989,0.67153,-1.37875,-0.05298,2.80320
1696052812.43692,0.99476,-0.05185,-0.08812,0.05493,0.99795,0.03289,0.08623,-0.03756,0.99557,0.41179,0.01912,2.58451
1696052812.81480,0.98695,-0.05994,-0.14943,0.07463,0.99270,0.09475,0.14266,-0.10466,0.98422,0.47180,0.10553,2.41998
1696052813.01853,0.97760,-0.03923,0.20678,0.04819,0.99810,-0.03844,-0.20488,0.04754,0.97763,0.54229,0.03563,2.47160
1696052813.12078,0.91126,-0.03159,0.41063,0.05421,0.99758,-0.04357,-0.40825,0.06197,0.91076,0.52385,0.02504,2.42263
1696052813.36666,0.99739,-0.04813,0.05385,0.04809,0.99884,0.00205,-0.05389,0.00055,0.99855,0.54502,0.05420,2.38317
1696052813.64087,0.99070,-0.04697,0.12772,0.05265,0.99775,-0.04147,-0.12549,0.04781,0.99094,0.55915,-0.00077,2.32675
1696052813.84345,0.98833,-0.04398,0.14581,0.05380,0.99649,-0.06409,-0.14248,0.07118,0.98723,0.54768,0.00896,2.29636
1696052813.94916,0.99828,-0.05550,0.01867,0.05527,0.99839,0.01244,-0.01933,-0.01139,0.99975,0.53273,0.00708,2.25848
1696052814.18390,0.99804,-0.04956,0.03816,0.05016,0.99863,-0.01494,-0.03737,0.01683,0.99916,0.51601,0.00174,2.22986
1696052815.42362,0.99743,-0.05704,0.04327,0.05495,0.99733,0.04815,-0.04590,-0.04565,0.99790,0.57117,-0.01407,1.94318
1696052815.62921,0.99593,-0.05630,0.07041,0.05436,0.99810,0.02911,-0.07191,-0.02516,0.99709,0.60229,-0.01419,1.90271
1696052815.73559,0.99439,-0.06842,0.08065,0.06173,0.99466,0.08268,-0.08588,-0.07724,0.99331,0.60600,-0.01471,1.86664
1696052816.01797,0.98962,-0.05500,-0.13275,0.05512,0.99848,-0.00275,0.13270,-0.00459,0.99115,0.23622,-0.01627,1.91356
1696052816.11729,0.98968,-0.05946,-0.13034,0.05670,0.99808,-0.02478,0.13157,0.01713,0.99116,0.20430,-0.01526,1.90965
1696052816.26010,0.97998,-0.05418,-0.19161,0.05725,0.99830,0.01056,0.19071,-0.02132,0.98141,0.17819,-0.01590,1.88345
1696052816.37074,0.97883,-0.05920,-0.19591,0.05960,0.99821,-0.00387,0.19579,-0.00788,0.98061,0.14180,-0.01460,1.86365
1696052816.49683,0.96931,-0.05465,-0.23970,0.06290,0.99766,0.02689,0.23767,-0.04114,0.97047,0.11591,-0.01102,1.84090
1696052816.63375,0.97495,-0.05770,-0.21483,0.06675,0.99715,0.03508,0.21219,-0.04854,0.97602,0.09591,-0.01239,1.82403
1696052816.74187,0.96789,-0.05788,-0.24462,0.06515,0.99764,0.02173,0.24278,-0.03697,0.96938,0.07281,-0.01218,1.80116
1696052816.86719,0.97332,-0.05841,-0.22190,0.06623,0.99741,0.02795,0.21969,-0.04190,0.97467,0.05432,-0.01362,1.79230
1696052817.00362,0.96967,-0.06159,-0.23652,0.06339,0.99799,0.00001,0.23604,-0.01500,0.97163,0.03685,-0.01582,1.77273
1696052817.13050,0.96314,-0.05342,-0.26363,0.06674,0.99689,0.04181,0.26057,-0.05786,0.96372,0.01561,-0.01680,1.74551
1696052817.32529,0.95161,-0.05197,-0.30289,0.06663,0.99704,0.03827,0.30000,-0.05660,0.95226,-0.03123,-0.02007,1.67492
1696052817.43532,0.95623,-0.05741,-0.28693,0.06494,0.99775,0.01681,0.28532,-0.03471,0.95780,-0.04357,-0.02490,1.66377
1696052817.55650,0.94591,-0.05652,-0.31948,0.06785,0.99740,0.02443,0.31726,-0.04478,0.94728,-0.05868,-0.02786,1.62976
1696052817.68345,0.94350,-0.05526,-0.32673,0.06432,0.99779,0.01698,0.32507,-0.03703,0.94497,-0.08047,-0.03457,1.59836
1696052817.74286,0.94151,-0.05390,-0.33265,0.06287,0.99789,0.01627,0.33107,-0.03624,0.94291,-0.08876,-0.03835,1.57704
1696052817.88431,0.93812,-0.05844,-0.34133,0.06461,0.99789,0.00672,0.34022,-0.02836,0.93992,-0.10579,-0.04004,1.54839
1696052818.02272,0.93153,-0.05125,-0.36004,0.06665,0.99731,0.03048,0.35751,-0.05239,0.93244,-0.11632,-0.03919,1.52433
1696052818.16736,0.93073,-0.04876,-0.36243,0.06382,0.99752,0.02968,0.36009,-0.05076,0.93154,-0.13217,-0.04151,1.49826
1696052818.36971,0.93215,-0.04578,-0.35918,0.06401,0.99719,0.03901,0.35638,-0.05935,0.93245,-0.15573,-0.04145,1.45025
1696052818.46823,0.91609,-0.05232,-0.39754,0.06533,0.99768,0.01922,0.39561,-0.04358,0.91738,-0.16751,-0.04283,1.41986
1696052818.59139,0.92083,-0.04921,-0.38685,0.06560,0.99742,0.02926,0.38441,-0.05232,0.92168,-0.17608,-0.04393,1.39901
1696052818.72455,0.92273,-0.05253,-0.38186,0.06943,0.99712,0.03061,0.37915,-0.05476,0.92372,-0.18849,-0.04373,1.36472
1696052818.86158,0.91500,-0.05390,-0.39985,0.07395,0.99665,0.03487,0.39663,-0.06147,0.91592,-0.19945,-0.04292,1.33406
1696052818.93721,0.91104,-0.05975,-0.40796,0.07615,0.99681,0.02405,0.40522,-0.05298,0.91268,-0.20934,-0.04125,1.31355
1696052819.06057,0.91193,-0.05653,-0.40643,0.07813,0.99627,0.03675,0.40283,-0.06527,0.91294,-0.22449,-0.04038,1.28442
1696052819.19758,0.90361,-0.05647,-0.42462,0.07976,0.99612,0.03726,0.42087,-0.06753,0.90461,-0.23588,-0.04025,1.26143
1696052819.30825,0.90232,-0.06338,-0.42638,0.08372,0.99606,0.02911,0.42285,-0.06196,0.90408,-0.25016,-0.04096,1.23640
1696052819.44709,0.89447,-0.06944,-0.44171,0.08547,0.99621,0.01645,0.43889,-0.05247,0.89701,-0.26518,-0.04515,1.20217
1696052819.74697,0.99626,-0.06516,-0.05677,0.06655,0.99752,0.02302,0.05513,-0.02671,0.99812,0.17973,-0.04008,1.15791
1696052819.84651,0.99480,-0.06910,-0.07482,0.07218,0.99662,0.03926,0.07185,-0.04446,0.99642,0.18437,-0.03953,1.13274
1696052819.97373,0.99539,-0.06559,-0.06998,0.06820,0.99704,0.03556,0.06744,-0.04017,0.99691,0.18888,-0.04086,1.10666
1696052820.04517,0.99627,-0.06597,-0.05567,0.06805,0.99702,0.03632,0.05310,-0.03997,0.99779,0.19018,-0.04312,1.08201
1696052820.19646,0.99603,-0.06613,-0.05965,0.06793,0.99728,0.02863,0.05760,-0.03257,0.99781,0.18913,-0.04404,1.05720
1696052820.33718,0.99520,-0.06628,-0.07206,0.06819,0.99737,0.02446,0.07025,-0.02925,0.99710,0.18894,-0.04363,1.03579
1696052820.47019,0.99559,-0.06727,-0.06535,0.06973,0.99691,0.03615,0.06271,-0.04055,0.99721,0.18935,-0.04350,1.01799
1696052820.59712,0.99509,-0.06577,-0.07398,0.06852,0.99703,0.03521,0.07145,-0.04011,0.99664,0.18817,-0.04568,0.98990
1696052820.75173,0.99587,-0.06788,-0.06026,0.06990,0.99704,0.03203,0.05791,-0.03611,0.99767,0.19071,-0.04952,0.96439
1696052820.88679,0.99579,-0.06658,-0.06304,0.06863,0.99716,0.03092,0.06080,-0.03511,0.99753,0.19045,-0.05164,0.94549
1696052821.01867,0.99489,-0.06874,-0.07390,0.07043,0.99731,0.02049,0.07229,-0.02559,0.99706,0.18807,-0.05290,0.91892
1696052821.14106,0.99457,-0.06943,-0.07749,0.07199,0.99693,0.03072,0.07512,-0.03613,0.99652,0.18488,-0.05101,0.89405
1696052821.24748,0.99310,-0.07103,-0.09335,0.07423,0.99675,0.03122,0.09083,-0.03793,0.99514,0.17926,-0.04953,0.86217
1696052821.39280,0.99258,-0.07004,-0.09939,0.07358,0.99676,0.03241,0.09680,-0.03948,0.99452,0.17588,-0.05311,0.83766
1696052821.52897,0.99260,-0.07067,-0.09871,0.07340,0.99701,0.02431,0.09670,-0.03138,0.99482,0.17187,-0.05608,0.80724
1696052821.65544,0.99176,-0.06841,-0.10833,0.07261,0.99674,0.03529,0.10557,-0.04286,0.99349,0.17057,-0.05717,0.78011
1696052821.79635,0.99153,-0.06773,-0.11084,0.07206,0.99677,0.03552,0.10807,-0.04320,0.99320,0.16889,-0.05814,0.75527
1696052821.88931,0.99123,-0.06750,-0.11358,0.07062,0.99722,0.02364,0.11167,-0.03145,0.99325,0.16572,-0.05915,0.73122
1696052821.96348,0.98916,-0.07219,-0.12787,0.07701,0.99648,0.03319,0.12503,-0.04267,0.99124,0.16064,-0.05594,0.70612
1696052822.10914,0.98775,-0.07306,-0.13786,0.07835,0.99637,0.03336,0.13493,-0.04375,0.98989,0.15596,-0.05625,0.67595
1696052822.23204,0.98650,-0.07285,-0.14668,0.07889,0.99624,0.03581,0.14352,-0.04690,0.98854,0.15189,-0.05755,0.65086
1696052822.37011,0.98593,-0.06975,-0.15190,0.07619,0.99640,0.03704,0.14877,-0.04810,0.98770,0.14853,-0.05898,0.62753
1696052822.50193,0.98418,-0.06896,-0.16321,0.07636,0.99630,0.03948,0.15989,-0.05131,0.98580,0.14562,-0.05947,0.60119
1696052822.63156,0.98280,-0.07067,-0.17062,0.07787,0.99632,0.03592,0.16745,-0.04859,0.98468,0.14323,-0.06153,0.57567
1696052822.76263,0.98211,-0.07088,-0.17444,0.07939,0.99595,0.04230,0.17074,-0.05539,0.98376,0.14119,-0.06105,0.55826
1696052822.89276,0.98071,-0.07355,-0.18110,0.08096,0.99614,0.03386,0.17792,-0.04787,0.98288,0.13939,-0.06299,0.53314
1696052823.00403,0.97993,-0.07075,-0.18636,0.07959,0.99601,0.04037,0.18276,-0.05439,0.98165,0.13598,-0.06428,0.50929
1696052823.13411,0.97680,-0.07271,-0.20141,0.08208,0.99588,0.03854,0.19778,-0.05417,0.97875,0.13245,-0.06488,0.47812
1696052823.26158,0.97488,-0.07363,-0.21023,0.08338,0.99580,0.03789,0.20655,-0.05447,0.97692,0.12965,-0.06550,0.45387
1696052823.39202,0.97304,-0.07107,-0.21941,0.08219,0.99573,0.04199,0.21549,-0.05889,0.97473,0.12663,-0.06669,0.42915
1696052823.52856,0.97107,-0.07310,-0.22733,0.08520,0.99540,0.04386,0.22308,-0.06196,0.97283,0.12487,-0.06837,0.40493
1696052823.67148,0.96764,-0.07166,-0.24196,0.08400,0.99562,0.04108,0.23796,-0.06007,0.96942,0.12132,-0.06793,0.38022
1696052823.78482,0.96759,-0.07204,-0.24201,0.08420,0.99564,0.04025,0.23806,-0.05932,0.96944,0.12049,-0.06886,0.35690
1696052874.73329,0.98503,-0.07310,-0.15612,0.06197,0.99526,-0.07499,0.16086,0.06419,0.98489,-0.14778,0.02017,2.85602
1696052875.42470,0.93140,-0.03592,0.36222,0.06391,0.99580,-0.06558,-0.35834,0.08424,0.92978,0.15558,0.01402,2.66028
1696052875.76682,0.99373,-0.04518,0.10230,0.05527,0.99364,-0.09807,-0.09722,0.10311,0.98991,0.24396,0.00329,2.64973
1696052875.96409,0.93914,-0.04206,0.34096,0.06063,0.99719,-0.04400,-0.33815,0.06199,0.93905,0.27270,0.00444,2.57285
1696052876.28447,0.93962,-0.03805,0.34009,0.04571,0.99885,-0.01455,-0.33914,0.02921,0.94028,0.31587,0.12890,2.51280
1696052876.86153,0.99592,-0.06124,-0.06621,0.06278,0.99780,0.02132,0.06476,-0.02539,0.99758,0.35251,-0.08046,2.38505
1696052877.19705,0.99109,-0.05375,-0.12190,0.06079,0.99665,0.05476,0.11855,-0.06168,0.99103,0.32608,0.00483,2.32137
1696052877.29867,0.99496,-0.05748,-0.08221,0.06002,0.99778,0.02877,0.08037,-0.03356,0.99620,0.31625,0.00653,2.32233
1696052877.60739,0.98736,-0.04257,0.15264,0.05515,0.99534,-0.07912,-0.14856,0.08654,0.98511,0.29209,0.00558,2.28590
1696052877.71861,0.99534,-0.05401,-0.07990,0.05261,0.99843,-0.01947,0.08083,0.01517,0.99661,0.27678,0.00212,2.24550
1696052877.84158,0.99003,-0.05645,-0.12908,0.06144,0.99750,0.03504,0.12678,-0.04262,0.99101,0.26548,-0.00013,2.21346
1696052878.04286,0.94635,-0.05246,0.31885,0.06470,0.99751,-0.02792,-0.31659,0.04705,0.94739,0.24385,-0.00417,2.17760
1696052878.14875,0.95648,-0.04324,0.28856,0.06656,0.99522,-0.07151,-0.28409,0.08761,0.95479,0.23530,-0.00468,2.15796
1696052878.28193,0.99173,-0.05900,-0.11395,0.06206,0.99780,0.02344,0.11231,-0.03032,0.99321,0.22301,-0.00923,2.13662
