1695918670.79313,0.68170,-0.00611,-0.73161,0.07871,0.99477,0.06503,0.72739,-0.10192,0.67861,-1.22530,-0.02849,2.49614
1695918670.90511,0.77827,-0.04173,-0.62654,0.07981,0.99627,0.03278,0.62284,-0.07551,0.77870,-1.19133,-0.03813,2.49049
1695918671.02985,0.73098,-0.04879,-0.68066,0.07198,0.99739,0.00581,0.67860,-0.05324,0.73258,-1.15704,-0.03265,2.47394
1695918671.15273,0.77213,-0.05917,-0.63271,0.06942,0.99755,-0.00857,0.63166,-0.03731,0.77434,-1.12658,-0.01626,2.47466
1695918671.29482,0.78020,-0.03958,-0.62428,0.07019,0.99723,0.02450,0.62158,-0.06293,0.78082,-1.10418,-0.02161,2.47796
1695918671.41347,0.97488,-0.09398,-0.20194,0.08117,0.99418,-0.07082,0.20742,0.05265,0.97683,-1.07930,-0.02826,2.47348
1695918671.53517,0.86727,-0.10487,-0.48666,0.07058,0.99359,-0.08833,0.49280,0.04226,0.86911,-1.05574,-0.02791,2.47662
1695918671.65893,0.87904,-0.08331,-0.46941,0.07833,0.99647,-0.03016,0.47026,-0.01025,0.88247,-1.03159,-0.03177,2.46334
1695918671.79508,0.98148,-0.10332,-0.16134,0.09783,0.99433,-0.04165,0.16473,0.02509,0.98602,-1.00050,-0.04558,2.41707
1695918671.99886,0.84175,-0.01564,-0.53964,0.06046,0.99602,0.06545,0.53647,-0.08772,0.83935,-0.92353,0.03488,2.41317
1695918672.10072,0.99547,-0.07031,-0.06395,0.06994,0.99752,-0.00808,0.06436,0.00357,0.99792,-0.92028,-0.00698,2.38690
1695918672.29585,0.80935,-0.08726,-0.58080,0.11380,0.99346,0.00932,0.57619,-0.07364,0.81399,-0.95386,0.00188,2.32214
1695918672.40502,0.80896,-0.04892,-0.58582,0.09183,0.99481,0.04373,0.58065,-0.08917,0.80926,-0.95530,-0.00905,2.30854
1695918674.16555,0.91078,-0.06673,-0.40746,0.07027,0.99751,-0.00627,0.40686,-0.02292,0.91320,-0.28668,-0.01853,2.16363
1695918674.26805,0.90315,-0.05999,-0.42512,0.06975,0.99754,0.00742,0.42363,-0.03636,0.90510,-0.31568,-0.02087,2.13083
1695918674.39427,0.91516,-0.06434,-0.39791,0.06819,0.99766,-0.00449,0.39727,-0.02302,0.91741,-0.33911,-0.02507,2.10494
1695918674.52658,0.90469,-0.06428,-0.42119,0.06962,0.99757,-0.00272,0.42034,-0.02686,0.90697,-0.36813,-0.02582,2.07226
1695918674.66953,0.90935,-0.06112,-0.41151,0.06928,0.99758,0.00492,0.41021,-0.03299,0.91139,-0.38730,-0.02873,2.04831
1695918674.80708,0.91145,-0.05497,-0.40773,0.07274,0.99695,0.02819,0.40494,-0.05535,0.91267,-0.40819,-0.03301,2.03309
1695918675.00662,0.97285,-0.05218,-0.22546,0.06156,0.99750,0.03478,0.22308,-0.04771,0.97363,0.06790,-0.02638,2.04474
1695918675.09889,0.97598,-0.05589,-0.21057,0.06251,0.99773,0.02493,0.20870,-0.03750,0.97726,0.08482,-0.02403,2.00655
1695918675.23693,0.97624,-0.05617,-0.20929,0.06860,0.99625,0.05265,0.20555,-0.06576,0.97644,0.09985,-0.02507,1.97497
1695918675.36579,0.98478,-0.05994,-0.16314,0.06586,0.99734,0.03114,0.16084,-0.04141,0.98611,0.11649,-0.02496,1.94992
1695918675.50594,0.98350,-0.05923,-0.17092,0.06639,0.99713,0.03645,0.16827,-0.04720,0.98461,0.13053,-0.01789,1.92173
1695918675.63193,0.94551,-0.05012,0.32171,0.06904,0.99647,-0.04768,-0.31819,0.06729,0.94564,0.14181,-0.01676,1.89497
1695918675.75259,0.99102,-0.05713,-0.12093,0.06415,0.99642,0.05498,0.11735,-0.06224,0.99114,0.14691,-0.01523,1.87605
1695918675.88556,0.99267,-0.06020,-0.10476,0.06539,0.99676,0.04691,0.10159,-0.05342,0.99339,0.15124,-0.01464,1.86006
1695918676.01716,0.98826,-0.06194,-0.13969,0.06712,0.99721,0.03270,0.13727,-0.04169,0.98966,0.15291,-0.01384,1.82896
1695918676.14489,0.98922,-0.06305,-0.13219,0.06228,0.99801,-0.00995,0.13255,0.00161,0.99117,0.15360,-0.01331,1.80197
1695918676.27380,0.98786,-0.06181,-0.14254,0.06472,0.99778,0.01582,0.14125,-0.02485,0.98966,0.15245,-0.01434,1.76767
1695918676.41202,0.98778,-0.05840,-0.14451,0.06564,0.99679,0.04581,0.14137,-0.05474,0.98844,0.15309,-0.01390,1.73960
1695918676.53221,0.98905,-0.06016,-0.13473,0.06558,0.99719,0.03612,0.13218,-0.04456,0.99022,0.15744,-0.01745,1.71973
1695918676.64801,0.99239,-0.05778,-0.10875,0.06306,0.99696,0.04569,0.10578,-0.05220,0.99302,0.15613,-0.02028,1.68846
1695918676.78332,0.99219,-0.05869,-0.11003,0.06143,0.99788,0.02163,0.10853,-0.02822,0.99369,0.15529,-0.02215,1.66298
1695918676.91630,0.98753,-0.05693,-0.14676,0.06081,0.99790,0.02213,0.14519,-0.03077,0.98892,0.15163,-0.02655,1.62948
1695918677.04642,0.98614,-0.05516,-0.15646,0.06466,0.99632,0.05629,0.15278,-0.06563,0.98608,0.15167,-0.03010,1.60080
1695918677.18052,0.99039,-0.05795,-0.12559,0.06070,0.99799,0.01815,0.12429,-0.02560,0.99192,0.15089,-0.03337,1.58593
1695918677.31452,0.98839,-0.05745,-0.14068,0.05868,0.99827,0.00458,0.14017,-0.01278,0.99005,0.15009,-0.03872,1.55191
1695918677.43870,0.98603,-0.05501,-0.15724,0.06130,0.99749,0.03543,0.15489,-0.04457,0.98693,0.14748,-0.03731,1.52060
1695918677.58601,0.98600,-0.04987,-0.15912,0.05692,0.99758,0.04003,0.15674,-0.04853,0.98645,0.14782,-0.03856,1.48766
1695918677.71436,0.98780,-0.05010,-0.14747,0.05552,0.99792,0.03287,0.14552,-0.04066,0.98852,0.14686,-0.03741,1.46439
1695918677.85276,0.98512,-0.04835,-0.16496,0.05498,0.99784,0.03585,0.16287,-0.04439,0.98565,0.14559,-0.03632,1.43545
1695918677.98457,0.98556,-0.05314,-0.16078,0.05797,0.99799,0.02545,0.15910,-0.03440,0.98666,0.14441,-0.03822,1.40859
1695918678.12337,0.98510,-0.05680,-0.16230,0.06258,0.99757,0.03070,0.16016,-0.04040,0.98626,0.13865,-0.03627,1.37864
1695918678.26676,0.98534,-0.05813,-0.16041,0.06328,0.99762,0.02721,0.15845,-0.03696,0.98668,0.13727,-0.03573,1.35455
1695918678.39031,0.98497,-0.05945,-0.16219,0.06742,0.99675,0.04404,0.15904,-0.05431,0.98578,0.13317,-0.03035,1.32464
1695918678.51814,0.98192,-0.05870,-0.17996,0.06532,0.99738,0.03110,0.17766,-0.04229,0.98318,0.13074,-0.03396,1.29569
1695918678.65917,0.98228,-0.05985,-0.17761,0.06710,0.99713,0.03510,0.17500,-0.04640,0.98347,0.12816,-0.03213,1.27001
1695918678.79291,0.98315,-0.06413,-0.17118,0.07125,0.99682,0.03578,0.16834,-0.04737,0.98459,0.12367,-0.03634,1.24344
1695918678.92448,0.97948,-0.06397,-0.19109,0.07433,0.99610,0.04752,0.18731,-0.06075,0.98042,0.11794,-0.03819,1.20972
1695918679.04630,0.98094,-0.06377,-0.18357,0.07129,0.99685,0.03466,0.18078,-0.04709,0.98240,0.11595,-0.04070,1.18130
1695918679.17865,0.97830,-0.06314,-0.19736,0.06883,0.99738,0.02210,0.19545,-0.03520,0.98008,0.11111,-0.04269,1.15235
1695918679.31613,0.97794,-0.06053,-0.19990,0.06669,0.99748,0.02423,0.19793,-0.03702,0.97952,0.10794,-0.04071,1.12705
1695918679.44972,0.97825,-0.06559,-0.19678,0.07406,0.99660,0.03598,0.19375,-0.04977,0.97979,0.10397,-0.04326,1.09757
1695918679.59508,0.97536,-0.06537,-0.21071,0.07579,0.99625,0.04179,0.20719,-0.05673,0.97665,0.09959,-0.04306,1.06972
1695918679.71999,0.97270,-0.06685,-0.22224,0.07319,0.99711,0.02043,0.22023,-0.03614,0.97478,0.09623,-0.04467,1.04460
1695918679.85099,0.97139,-0.06711,-0.22782,0.07377,0.99706,0.02088,0.22575,-0.03709,0.97348,0.09373,-0.04784,1.01914
1695918679.97940,0.97122,-0.06469,-0.22922,0.07254,0.99703,0.02595,0.22686,-0.04183,0.97303,0.08807,-0.05244,0.99083
1695918680.10017,0.97055,-0.06651,-0.23152,0.07362,0.99704,0.02221,0.22936,-0.03860,0.97258,0.08493,-0.05507,0.95858
1695918680.22355,0.96977,-0.06702,-0.23463,0.07290,0.99720,0.01644,0.23287,-0.03304,0.97195,0.08055,-0.05561,0.93296
1695918680.35703,0.96750,-0.06702,-0.24382,0.07617,0.99669,0.02829,0.24112,-0.04595,0.96941,0.07725,-0.05364,0.90076
1695918680.46999,0.96705,-0.07077,-0.24454,0.07708,0.99689,0.01629,0.24263,-0.03461,0.96950,0.07482,-0.05298,0.87630
1695918680.60756,0.96649,-0.06979,-0.24703,0.07755,0.99675,0.02180,0.24471,-0.04022,0.96876,0.07234,-0.05574,0.84927
1695918680.73127,0.96598,-0.06743,-0.24967,0.07467,0.99702,0.01962,0.24761,-0.03760,0.96813,0.06855,-0.05856,0.82321
1695918680.85021,0.96489,-0.06729,-0.25390,0.07562,0.99687,0.02320,0.25154,-0.04159,0.96695,0.06601,-0.05941,0.79714
1695918680.97865,0.96289,-0.06648,-0.26156,0.07381,0.99711,0.01826,0.25959,-0.03689,0.96501,0.06285,-0.06040,0.77075
1695918681.09588,0.96052,-0.06501,-0.27049,0.07387,0.99701,0.02270,0.26821,-0.04179,0.96245,0.06120,-0.05945,0.74331
1695918681.22467,0.95835,-0.06826,-0.27732,0.07765,0.99671,0.02301,0.27483,-0.04359,0.96050,0.05820,-0.05883,0.71781
1695918681.35845,0.95924,-0.07241,-0.27315,0.08103,0.99650,0.02037,0.27072,-0.04168,0.96176,0.05756,-0.05984,0.68714
1695918681.48594,0.95566,-0.06932,-0.28619,0.08094,0.99630,0.02895,0.28312,-0.05083,0.95774,0.05520,-0.05935,0.66168
