1695899499.19063,0.98273,-0.08611,-0.16378,0.07989,0.99582,-0.04423,0.16690,0.03038,0.98550,-1.28325,0.01764,2.61679
1695899499.41146,0.81726,-0.06696,-0.57236,0.07465,0.99716,-0.01008,0.57141,-0.03449,0.81994,-1.25908,0.01615,2.66282
1695899500.22560,0.98829,-0.08192,-0.12873,0.07963,0.99656,-0.02289,0.13016,0.01237,0.99142,-1.02722,0.00552,2.64703
1695899500.32208,0.81147,-0.03152,-0.58354,0.08281,0.99467,0.06143,0.57849,-0.09818,0.80976,-0.99330,0.00684,2.63636
1695899500.44744,0.81013,-0.04556,-0.58448,0.08006,0.99623,0.03332,0.58076,-0.07379,0.81072,-0.97193,0.01294,2.63754
1695899500.56731,0.88101,-0.09627,-0.46321,0.07201,0.99496,-0.06984,0.46759,0.02817,0.88349,-0.95302,0.01714,2.65487
1695899500.87899,0.99328,-0.08535,-0.07811,0.08047,0.99472,-0.06363,0.08313,0.05691,0.99491,-0.88902,0.01852,2.62229
1695899500.99007,0.85072,-0.04809,-0.52341,0.08355,0.99552,0.04433,0.51894,-0.08145,0.85092,-0.87444,0.00704,2.62198
1695899501.11988,0.99146,-0.07754,-0.10481,0.07640,0.99697,-0.01483,0.10565,0.00669,0.99438,-0.85563,0.00005,2.63088
1695899501.26538,0.87624,-0.03847,-0.48034,0.08098,0.99439,0.06809,0.47503,-0.09856,0.87443,-0.83308,0.00600,2.62629
1695899501.37320,0.99249,-0.07223,-0.09872,0.07177,0.99739,-0.00820,0.09905,0.00106,0.99508,-0.81806,-0.00048,2.62161
1695899501.58019,0.86541,-0.05981,-0.49748,0.07009,0.99754,0.00200,0.49614,-0.03660,0.86747,-0.78416,-0.00461,2.60498
1695899501.67882,0.92414,-0.09429,-0.37022,0.06686,0.99403,-0.08627,0.37615,0.05497,0.92493,-0.77930,-0.01630,2.63351
1695899501.89457,0.98876,-0.06764,-0.13336,0.06998,0.99746,0.01294,0.13215,-0.02213,0.99098,-0.73362,0.00796,2.60197
1695899501.99689,0.92335,-0.04234,-0.38162,0.07146,0.99549,0.06244,0.37725,-0.08493,0.92221,-0.71860,0.00448,2.60553
1695899502.20933,0.98583,-0.06334,-0.15532,0.06236,0.99799,-0.01117,0.15572,0.00132,0.98780,-0.67877,-0.01076,2.59754
1695899502.30116,0.93783,-0.07903,-0.33799,0.05997,0.99599,-0.06646,0.34188,0.04206,0.93880,-0.65500,-0.00443,2.58100
1695899502.42405,0.91348,-0.06468,-0.40172,0.06113,0.99789,-0.02165,0.40227,-0.00478,0.91551,-0.64835,0.00253,2.57753
1695899502.62836,0.92273,-0.05765,-0.38112,0.06364,0.99797,0.00311,0.38017,-0.02713,0.92452,-0.62037,-0.00354,2.56367
1695899502.72833,0.96848,-0.06911,-0.23931,0.06757,0.99761,-0.01465,0.23975,-0.00198,0.97083,-0.62078,-0.00147,2.57066
1695899503.33209,0.97132,-0.05490,-0.23134,0.06742,0.99664,0.04656,0.22800,-0.06082,0.97176,-0.07873,0.02633,2.60708
1695899503.45780,0.96971,-0.05055,-0.23895,0.06871,0.99530,0.06829,0.23438,-0.08264,0.96863,-0.04178,0.01801,2.60253
1695899503.66522,0.96909,-0.06739,-0.23731,0.07543,0.99684,0.02494,0.23488,-0.04208,0.97111,-0.00772,-0.00225,2.57389
1695899503.98333,0.99448,-0.03615,-0.09850,0.04608,0.99388,0.10041,0.09427,-0.10440,0.99006,0.16647,0.03066,2.54985
1695899504.08056,0.95730,-0.02127,0.28832,0.03130,0.99905,-0.03019,-0.28741,0.03793,0.95706,0.15892,0.03266,2.54127
1695899504.21373,0.95324,-0.01999,0.30155,0.03613,0.99819,-0.04803,-0.30005,0.05668,0.95224,0.17741,0.03354,2.54273
1695899504.34967,0.99290,-0.03270,-0.11438,0.03456,0.99930,0.01427,0.11383,-0.01812,0.99333,0.18620,0.03588,2.54950
1695899504.48132,0.99215,-0.03498,-0.12004,0.04585,0.99498,0.08898,0.11633,-0.09378,0.98877,0.19530,0.03636,2.54825
1695899504.61623,0.97007,-0.03272,0.24062,0.02986,0.99943,0.01552,-0.24099,-0.00787,0.97050,0.19405,0.03669,2.55423
1695899504.81635,0.96386,-0.02758,0.26500,0.03636,0.99894,-0.02829,-0.26393,0.03690,0.96383,0.18767,0.03685,2.56434
1695899505.11930,0.96916,-0.02247,0.24541,0.03815,0.99751,-0.05935,-0.24346,0.06688,0.96760,0.16485,0.03872,2.54387
1695899505.21619,0.99957,-0.02935,0.00093,0.02937,0.99926,-0.02466,-0.00021,0.02467,0.99970,0.15391,0.03950,2.57410
1695899505.34579,0.99615,-0.03628,0.07979,0.03276,0.99845,0.04496,-0.08130,-0.04217,0.99580,0.15676,0.03961,2.58174
1695899505.45194,0.99121,-0.02382,0.13013,0.03548,0.99549,-0.08802,-0.12745,0.09187,0.98758,0.15749,0.03880,2.56430
1695899505.58561,0.96543,-0.01570,0.26018,0.04059,0.99506,-0.09057,-0.25747,0.09800,0.96130,0.15010,0.03910,2.54482
1695899505.80034,0.97547,-0.02364,0.21888,0.03275,0.99874,-0.03811,-0.21770,0.04435,0.97501,0.14968,0.04004,2.55966
1695899506.10162,0.98047,-0.02305,-0.19529,0.04365,0.99384,0.10184,0.19174,-0.10837,0.97544,0.12830,0.04038,2.53898
1695899506.20939,0.98536,-0.02891,-0.16801,0.03455,0.99893,0.03076,0.16694,-0.03611,0.98531,0.13365,0.04073,2.55263
1695899506.41274,0.99961,-0.02644,-0.00915,0.02577,0.99742,-0.06701,0.01090,0.06675,0.99771,0.13569,0.04026,2.57417
1695899506.51958,0.91156,-0.00724,0.41111,0.05289,0.99360,-0.09978,-0.40775,0.11270,0.90611,0.17282,0.04893,2.47169
1695899506.72879,0.98620,-0.05809,0.15505,0.05504,0.99820,0.02395,-0.15616,-0.01509,0.98762,0.20487,0.11318,2.55581
1695899506.83756,0.95933,-0.04560,0.27857,0.06306,0.99654,-0.05406,-0.27514,0.06943,0.95889,0.22355,0.08733,2.51472
1695899507.05167,0.95017,-0.05038,0.30763,0.06041,0.99790,-0.02317,-0.30582,0.04059,0.95122,0.26579,0.03879,2.48467
1695899507.15201,0.99651,-0.06136,-0.05653,0.06232,0.99794,0.01539,0.05547,-0.01886,0.99828,0.28274,0.03207,2.48546
1695899507.28069,0.94747,-0.04135,0.31716,0.06178,0.99659,-0.05462,-0.31382,0.07135,0.94680,0.29536,0.03112,2.45632
1695899507.40008,0.94489,-0.04200,0.32468,0.06292,0.99655,-0.05420,-0.32128,0.07164,0.94427,0.30985,0.02911,2.43965
1695899507.52817,0.96183,-0.05562,0.26793,0.05621,0.99840,0.00548,-0.26781,0.00979,0.96342,0.32615,0.03284,2.43959
1695899507.64854,0.94735,-0.04693,0.31674,0.05379,0.99847,-0.01293,-0.31565,0.02929,0.94842,0.33724,0.04742,2.41059
1695899507.76487,0.99689,-0.06172,-0.04894,0.06520,0.99520,0.07303,0.04420,-0.07599,0.99613,0.35221,0.02950,2.39650
1695899507.87464,0.99766,-0.05284,0.04348,0.05663,0.99423,-0.09110,-0.03842,0.09335,0.99489,0.37763,-0.03407,2.39463
1695899507.97138,0.99478,-0.06663,0.07724,0.06548,0.99770,0.01730,-0.07821,-0.01216,0.99686,0.39850,-0.08578,2.38387
1695899508.09911,0.99815,-0.05373,-0.02863,0.05213,0.99719,-0.05386,0.03144,0.05227,0.99814,0.39847,-0.05699,2.34620
1695899508.22674,0.99438,-0.04984,0.09338,0.05646,0.99597,-0.06965,-0.08953,0.07453,0.99319,0.40617,-0.01316,2.35453
1695899508.33672,0.99710,-0.05912,-0.04798,0.06010,0.99801,0.01925,0.04675,-0.02208,0.99866,0.39782,-0.00370,2.31716
1695899508.45551,0.98255,-0.05262,0.17842,0.05935,0.99770,-0.03261,-0.17629,0.04263,0.98341,0.40030,-0.00018,2.33603
1695899508.57492,0.94026,-0.04401,0.33761,0.06084,0.99737,-0.03942,-0.33499,0.05760,0.94046,0.39713,-0.00054,2.30759
1695899508.71450,0.99800,-0.06304,0.00375,0.06283,0.99711,0.04280,-0.00644,-0.04248,0.99908,0.39555,0.00161,2.30228
1695899508.82041,0.98096,-0.04266,0.18949,0.05904,0.99491,-0.08165,-0.18504,0.09128,0.97848,0.39369,0.00427,2.29681
1695899508.92704,0.94464,-0.04429,0.32509,0.06165,0.99716,-0.04329,-0.32225,0.06093,0.94469,0.39055,0.00258,2.27735
1695899509.04411,0.99766,-0.06142,-0.03017,0.06305,0.99643,0.05622,0.02661,-0.05799,0.99796,0.38748,0.00146,2.25360
1695899509.17334,0.99807,-0.05264,0.03292,0.05382,0.99790,-0.03608,-0.03095,0.03779,0.99881,0.38323,0.00359,2.25449
1695899509.30406,0.94485,-0.03577,0.32555,0.06228,0.99550,-0.07140,-0.32153,0.08773,0.94283,0.37823,0.00259,2.23507
1695899509.44071,0.99798,-0.06058,-0.01936,0.06166,0.99622,0.06118,0.01558,-0.06225,0.99794,0.37756,0.00152,2.22878
1695899509.56528,0.99101,-0.04755,0.12506,0.05377,0.99746,-0.04681,-0.12252,0.05311,0.99104,0.37865,0.00098,2.22634
1695899509.69562,0.99803,-0.05857,-0.02253,0.05888,0.99818,0.01313,0.02172,-0.01443,0.99966,0.37373,0.00218,2.20199
1695899509.83666,0.99814,-0.06024,0.00953,0.05969,0.99695,0.05033,-0.01254,-0.04966,0.99869,0.36807,0.00110,2.18713
1695899509.95780,0.99783,-0.05652,-0.03378,0.05745,0.99798,0.02712,0.03218,-0.02900,0.99906,0.36678,-0.00032,2.17452
1695899510.15244,0.93385,-0.04273,0.35509,0.06274,0.99701,-0.04504,-0.35211,0.06434,0.93375,0.35866,-0.00143,2.14658
1695899510.25954,0.99785,-0.05985,-0.02654,0.06078,0.99751,0.03589,0.02433,-0.03742,0.99900,0.35713,-0.00341,2.13178
1695899510.39426,0.93961,-0.03809,0.34013,0.06771,0.99483,-0.07566,-0.33549,0.09412,0.93733,0.35738,-0.00510,2.12495
1695899510.49711,0.98785,-0.04751,0.14798,0.05835,0.99586,-0.06976,-0.14405,0.07755,0.98653,0.35428,-0.00607,2.13151
1695899510.60464,0.93788,-0.04548,0.34398,0.06228,0.99734,-0.03794,-0.34134,0.05701,0.93821,0.34335,-0.00544,2.09703
1695899510.72191,0.95166,-0.05300,0.30256,0.06148,0.99794,-0.01858,-0.30095,0.03629,0.95295,0.34007,-0.00867,2.09593
1695899510.82727,0.99492,-0.04950,0.08763,0.05505,0.99655,-0.06217,-0.08425,0.06668,0.99421,0.33806,-0.01156,2.08859
1695899510.96920,0.99689,-0.05387,-0.05759,0.05560,0.99803,0.02892,0.05592,-0.03203,0.99792,0.33202,-0.01545,2.06692
1695899511.10486,0.93015,-0.04497,0.36441,0.06341,0.99723,-0.03880,-0.36166,0.05919,0.93043,0.32698,-0.01689,2.05138
1695899511.22905,0.99820,-0.05985,-0.00436,0.06001,0.99594,0.06708,0.00033,-0.06722,0.99774,0.32377,-0.02063,2.05183
1695899511.42042,0.94733,-0.04487,0.31711,0.06100,0.99729,-0.04114,-0.31440,0.05831,0.94750,0.31539,-0.01907,2.03026
1695899511.52385,0.99775,-0.05613,-0.03660,0.05656,0.99834,0.01082,0.03593,-0.01286,0.99927,0.31074,-0.01790,2.00988
1695899511.65663,0.93285,-0.04187,0.35782,0.06142,0.99717,-0.04344,-0.35499,0.06250,0.93278,0.30563,-0.01895,1.99468
1695899511.78506,0.93703,-0.04520,0.34630,0.06178,0.99741,-0.03696,-0.34373,0.05603,0.93739,0.30250,-0.01908,1.98240
1695899511.91916,0.94048,-0.04934,0.33625,0.06072,0.99788,-0.02341,-0.33438,0.04243,0.94148,0.29842,-0.01945,1.97126
1695899512.04383,0.99490,-0.05893,-0.08184,0.06205,0.99742,0.03612,0.07950,-0.04102,0.99599,0.29406,-0.01777,1.95395
1695899512.17894,0.99668,-0.05709,-0.05802,0.05873,0.99791,0.02694,0.05636,-0.03026,0.99795,0.29173,-0.01734,1.95068
1695899512.29711,0.99678,-0.05875,-0.05451,0.06087,0.99742,0.03796,0.05214,-0.04116,0.99779,0.28773,-0.01769,1.93849
1695899512.42367,0.93607,-0.04183,0.34933,0.06351,0.99669,-0.05083,-0.34605,0.06977,0.93562,0.28309,-0.02010,1.93078
1695899512.56110,0.93421,-0.04385,0.35403,0.06526,0.99668,-0.04875,-0.35072,0.06864,0.93396,0.27444,-0.01868,1.91265
1695899512.69318,0.99774,-0.06090,-0.02823,0.06170,0.99769,0.02843,0.02643,-0.03011,0.99920,0.27002,-0.01966,1.91262
1695899512.82896,0.99468,-0.05822,-0.08498,0.05779,0.99830,-0.00744,0.08527,0.00249,0.99635,0.26261,-0.01592,1.88667
1695899512.95332,0.99412,-0.05642,-0.09244,0.05735,0.99833,0.00747,0.09187,-0.01273,0.99569,0.25590,-0.01514,1.87462
1695899513.07079,0.99235,-0.05891,-0.10848,0.06228,0.99767,0.02795,0.10658,-0.03449,0.99371,0.25046,-0.01485,1.86218
1695899513.20198,0.99380,-0.05557,-0.09627,0.05704,0.99829,0.01260,0.09541,-0.01801,0.99528,0.24572,-0.01432,1.84942
1695899513.33418,0.99254,-0.05501,-0.10879,0.06354,0.99504,0.07656,0.10404,-0.08290,0.99111,0.24218,-0.01337,1.83289
1695899513.43848,0.99836,-0.05724,0.00088,0.05725,0.99829,-0.01149,-0.00022,0.01152,0.99993,0.24059,-0.01238,1.84469
1695899513.57119,0.99317,-0.05766,-0.10145,0.05986,0.99803,0.01882,0.10017,-0.02476,0.99466,0.23103,-0.00876,1.81216
1695899513.69868,0.93622,-0.04363,0.34869,0.06506,0.99663,-0.04999,-0.34533,0.06949,0.93590,0.22538,-0.00997,1.79939
1695899513.84115,0.99012,-0.05526,-0.12886,0.06102,0.99729,0.04119,0.12623,-0.04865,0.99081,0.22300,-0.00884,1.79022
1695899513.96585,0.99255,-0.05759,-0.10733,0.06128,0.99763,0.03142,0.10527,-0.03776,0.99373,0.21963,-0.00918,1.77578
1695899514.08328,0.99158,-0.05642,-0.11658,0.06220,0.99698,0.04653,0.11360,-0.05338,0.99209,0.21589,-0.00920,1.76182
1695899514.19589,0.99238,-0.05890,-0.10827,0.06321,0.99732,0.03686,0.10581,-0.04343,0.99344,0.21078,-0.01201,1.75082
1695899514.33383,0.99031,-0.06099,-0.12475,0.06507,0.99746,0.02882,0.12267,-0.03666,0.99177,0.20498,-0.01117,1.73814
1695899514.46213,0.98936,-0.05949,-0.13280,0.06264,0.99784,0.01970,0.13134,-0.02781,0.99095,0.20105,-0.01312,1.72360
1695899514.60584,0.98689,-0.05640,-0.15125,0.06463,0.99665,0.05007,0.14792,-0.05919,0.98723,0.19365,-0.01395,1.70684
1695899514.73541,0.99426,-0.05664,-0.09076,0.06378,0.99492,0.07789,0.08588,-0.08323,0.99282,0.19331,-0.01636,1.70556
1695899514.87209,0.98813,-0.05885,-0.14191,0.06423,0.99737,0.03364,0.13956,-0.04236,0.98931,0.18685,-0.01866,1.68740
1695899515.00205,0.98790,-0.05547,-0.14483,0.06026,0.99776,0.02890,0.14291,-0.03728,0.98903,0.18087,-0.01992,1.67542
1695899515.14219,0.93415,-0.04321,0.35425,0.06856,0.99588,-0.05933,-0.35023,0.07971,0.93327,0.17591,-0.02184,1.65760
1695899515.27644,0.98825,-0.05539,-0.14249,0.06047,0.99767,0.03162,0.14041,-0.03987,0.98929,0.17341,-0.02371,1.64811
1695899515.41041,0.98736,-0.05536,-0.14853,0.06005,0.99782,0.02727,0.14670,-0.03584,0.98853,0.17144,-0.02373,1.63286
1695899515.54347,0.99050,-0.05617,-0.12553,0.06055,0.99767,0.03136,0.12348,-0.03866,0.99159,0.16740,-0.02559,1.62259
1695899515.68170,0.98557,-0.05672,-0.15950,0.06342,0.99729,0.03724,0.15696,-0.04682,0.98650,0.16492,-0.02877,1.60296
1695899515.80895,0.98596,-0.05646,-0.15712,0.06098,0.99785,0.02411,0.15543,-0.03335,0.98728,0.16303,-0.02961,1.59217
1695899515.94337,0.98689,-0.05457,-0.15187,0.05834,0.99809,0.02045,0.15047,-0.02904,0.98819,0.15976,-0.03148,1.58126
1695899516.07952,0.98474,-0.05523,-0.16506,0.05974,0.99796,0.02247,0.16348,-0.03198,0.98603,0.15703,-0.03321,1.56307
1695899516.19900,0.98494,-0.05531,-0.16382,0.06147,0.99757,0.03274,0.16161,-0.04231,0.98595,0.15503,-0.03446,1.55022
1695899516.33304,0.98529,-0.05480,-0.16187,0.06012,0.99780,0.02811,0.15997,-0.03743,0.98641,0.15175,-0.03703,1.53451
1695899516.46926,0.98538,-0.05214,-0.16218,0.05657,0.99814,0.02282,0.16069,-0.03166,0.98650,0.14805,-0.03715,1.52216
1695899516.60973,0.98549,-0.05045,-0.16208,0.05504,0.99820,0.02394,0.16058,-0.03251,0.98649,0.14543,-0.03776,1.50917
1695899516.74140,0.98481,-0.04948,-0.16643,0.05728,0.99746,0.04235,0.16391,-0.05124,0.98514,0.14079,-0.03808,1.49130
1695899516.88150,0.98420,-0.04922,-0.17010,0.05372,0.99831,0.02197,0.16874,-0.03076,0.98518,0.13823,-0.03825,1.48001
1695899517.00958,0.98452,-0.04834,-0.16847,0.05328,0.99827,0.02497,0.16697,-0.03356,0.98539,0.13640,-0.03778,1.46830
1695899517.15778,0.98227,-0.04939,-0.18086,0.04995,0.99875,-0.00146,0.18070,-0.00760,0.98351,0.13414,-0.03883,1.45365
1695899517.29672,0.98109,-0.04555,-0.18810,0.05279,0.99804,0.03366,0.18620,-0.04295,0.98157,0.13147,-0.03638,1.43832
1695899517.43165,0.98011,-0.04887,-0.19235,0.05777,0.99749,0.04089,0.18987,-0.05119,0.98047,0.12684,-0.03714,1.41924
1695899517.56466,0.98019,-0.05013,-0.19163,0.05758,0.99778,0.03349,0.18953,-0.04386,0.98090,0.12522,-0.03681,1.40679
1695899517.69940,0.97971,-0.05140,-0.19369,0.05913,0.99766,0.03432,0.19148,-0.04508,0.98046,0.12349,-0.03704,1.39438
1695899517.83876,0.97885,-0.05351,-0.19744,0.05876,0.99805,0.02085,0.19594,-0.03201,0.98009,0.11939,-0.03804,1.37840
1695899517.96329,0.97928,-0.05459,-0.19503,0.06009,0.99794,0.02237,0.19340,-0.03362,0.98054,0.11392,-0.03670,1.36673
1695899518.09298,0.97839,-0.05830,-0.19837,0.06554,0.99739,0.03015,0.19609,-0.04250,0.97966,0.10892,-0.03354,1.35085
1695899518.23067,0.97840,-0.05855,-0.19827,0.06573,0.99739,0.02983,0.19601,-0.04222,0.97969,0.10733,-0.03541,1.33889
1695899518.36370,0.97703,-0.05752,-0.20521,0.06589,0.99724,0.03417,0.20267,-0.04691,0.97812,0.10446,-0.03308,1.32603
1695899518.49762,0.97675,-0.05659,-0.20678,0.06443,0.99743,0.03141,0.20447,-0.04400,0.97788,0.10116,-0.03410,1.31177
1695899518.63706,0.97582,-0.05777,-0.21079,0.06540,0.99743,0.02939,0.20855,-0.04247,0.97709,0.09683,-0.03399,1.29696
1695899518.76642,0.97519,-0.05642,-0.21405,0.06590,0.99713,0.03738,0.21133,-0.05056,0.97611,0.09254,-0.03315,1.28078
1695899518.90424,0.97322,-0.05787,-0.22248,0.06616,0.99736,0.02995,0.22016,-0.04387,0.97448,0.08984,-0.03360,1.27124
1695899519.03165,0.97360,-0.06030,-0.22014,0.07002,0.99687,0.03661,0.21724,-0.05105,0.97478,0.08391,-0.03739,1.25577
1695899519.17431,0.97315,-0.06072,-0.22200,0.06992,0.99698,0.03380,0.21928,-0.04841,0.97446,0.07980,-0.03891,1.24295
1695899519.30711,0.96962,-0.06054,-0.23702,0.06963,0.99712,0.03017,0.23451,-0.04576,0.97104,0.07312,-0.04097,1.22599
1695899519.43970,0.96789,-0.06193,-0.24362,0.07208,0.99685,0.03295,0.24082,-0.04945,0.96931,0.06847,-0.04032,1.21094
1695899519.57706,0.96925,-0.06366,-0.23770,0.07444,0.99655,0.03664,0.23454,-0.05321,0.97065,0.06546,-0.03912,1.20125
1695899519.71563,0.96489,-0.06216,-0.25520,0.06954,0.99738,0.02000,0.25328,-0.03705,0.96668,0.06124,-0.03908,1.18583
1695899519.85365,0.96563,-0.06407,-0.25191,0.07227,0.99711,0.02345,0.24968,-0.04085,0.96747,0.05561,-0.04050,1.17090
1695899519.99197,0.96191,-0.06052,-0.26657,0.06934,0.99731,0.02377,0.26441,-0.04135,0.96352,0.05146,-0.04325,1.15164
1695899520.11231,0.96085,-0.06037,-0.27041,0.07075,0.99708,0.02879,0.26789,-0.04680,0.96231,0.04604,-0.04207,1.13917
1695899520.24597,0.96053,-0.06053,-0.27151,0.07166,0.99694,0.03125,0.26879,-0.04947,0.96193,0.04332,-0.04077,1.12677
1695899520.37590,0.95907,-0.06024,-0.27669,0.07043,0.99715,0.02704,0.27427,-0.04542,0.96058,0.03980,-0.04186,1.11431
1695899520.50809,0.95697,-0.06166,-0.28355,0.07435,0.99665,0.03417,0.28049,-0.05378,0.95835,0.03288,-0.04190,1.09840
1695899520.64537,0.95540,-0.06411,-0.28826,0.07546,0.99674,0.02841,0.28550,-0.04890,0.95713,0.02783,-0.04362,1.08175
1695899520.77998,0.95673,-0.06433,-0.28376,0.07541,0.99675,0.02828,0.28102,-0.04846,0.95848,0.02227,-0.04458,1.07113
1695899520.91376,0.95435,-0.06692,-0.29109,0.07702,0.99676,0.02338,0.28858,-0.04473,0.95641,0.01829,-0.04566,1.05679
1695899521.04504,0.95079,-0.06286,-0.30340,0.07746,0.99633,0.03631,0.30000,-0.05802,0.95217,0.01268,-0.04602,1.04201
1695899521.19322,0.95167,-0.06339,-0.30052,0.07722,0.99642,0.03437,0.29727,-0.05592,0.95316,0.00982,-0.04852,1.02932
1695899521.32682,0.94957,-0.06382,-0.30698,0.07683,0.99658,0.03047,0.30399,-0.05252,0.95123,0.00473,-0.05000,1.01253
1695899521.47247,0.94821,-0.06194,-0.31155,0.07499,0.99673,0.03007,0.30867,-0.05187,0.94975,0.00201,-0.05267,0.99816
1695899521.59819,0.94700,-0.06298,-0.31499,0.07606,0.99667,0.02942,0.31209,-0.05182,0.94864,-0.00248,-0.05461,0.98163
1695899521.73124,0.94431,-0.06096,-0.32336,0.07637,0.99646,0.03518,0.32007,-0.05792,0.94562,-0.00570,-0.05526,0.96794
1695899521.87152,0.94270,-0.06605,-0.32703,0.07723,0.99679,0.02130,0.32458,-0.04534,0.94477,-0.00885,-0.05657,0.95450
1695899521.99861,0.94223,-0.06225,-0.32914,0.07804,0.99634,0.03497,0.32575,-0.05864,0.94363,-0.01294,-0.05611,0.93772
1695899522.12865,0.93987,-0.06546,-0.33520,0.07937,0.99645,0.02796,0.33218,-0.05288,0.94173,-0.01757,-0.05548,0.92218
1695899522.26611,0.93595,-0.06556,-0.34597,0.08389,0.99574,0.03826,0.34199,-0.06483,0.93747,-0.02261,-0.05478,0.90803
1695899522.78652,0.99694,-0.06721,0.04003,0.06580,0.99719,0.03572,-0.04232,-0.03297,0.99856,0.32606,-0.05509,0.76150
1695899522.88716,0.99705,-0.06725,0.03702,0.06583,0.99710,0.03808,-0.03947,-0.03554,0.99859,0.32471,-0.05569,0.74637
1695899523.01868,0.99704,-0.06884,0.03420,0.06732,0.99677,0.04390,-0.03712,-0.04147,0.99845,0.32453,-0.05611,0.73599
1695899523.16187,0.99686,-0.06766,0.04102,0.06634,0.99726,0.03267,-0.04312,-0.02985,0.99862,0.32724,-0.05610,0.72609
1695899630.35438,0.94250,-0.03866,0.33196,0.05497,0.99769,-0.03987,-0.32965,0.05582,0.94245,0.30462,0.00387,2.67842
1695899630.44593,0.97762,-0.03411,0.20759,0.04674,0.99732,-0.05623,-0.20511,0.06467,0.97660,0.33536,0.01335,2.69613
1695899630.57769,0.93744,-0.03496,0.34637,0.05291,0.99770,-0.04248,-0.34409,0.05815,0.93713,0.36024,0.00945,2.65892
1695899630.70110,0.98991,-0.03924,0.13618,0.04942,0.99616,-0.07225,-0.13282,0.07825,0.98805,0.38464,0.01633,2.66364
1695899630.81531,0.97431,-0.05560,0.21824,0.05475,0.99845,0.00994,-0.21845,0.00226,0.97585,0.40612,0.01551,2.65733
1695899630.93976,0.99264,-0.03887,0.11473,0.04536,0.99748,-0.05447,-0.11232,0.05928,0.99190,0.43631,0.01496,2.64269
1695899631.06384,0.92411,-0.03588,0.38045,0.04637,0.99875,-0.01845,-0.37931,0.03470,0.92462,0.46612,0.02199,2.60021
1695899631.20173,0.94866,-0.03306,0.31456,0.05144,0.99741,-0.05029,-0.31209,0.06389,0.94790,0.49134,0.01760,2.59786
1695899631.31387,0.98349,-0.04066,0.17635,0.04891,0.99789,-0.04267,-0.17425,0.05059,0.98340,0.52030,0.01768,2.59190
1695899631.51392,0.99805,-0.06094,0.01333,0.05967,0.99493,0.08096,-0.01819,-0.08000,0.99663,0.56342,0.02614,2.53023
1695899631.62076,0.99859,-0.05311,-0.00079,0.05311,0.99819,0.02828,-0.00071,-0.02828,0.99960,0.58091,0.02387,2.50644
1695899631.73321,0.97659,-0.02867,0.21320,0.04839,0.99495,-0.08788,-0.20961,0.09614,0.97305,0.59774,0.02876,2.52228
1695899632.14153,0.90122,-0.05802,0.42946,0.07616,0.99678,-0.02515,-0.42662,0.05538,0.90273,0.57691,0.06612,2.45631
1695899632.24569,0.90859,-0.06009,0.41335,0.06999,0.99751,-0.00885,-0.41179,0.03697,0.91053,0.58940,0.08483,2.45970
1695899632.36682,0.92010,-0.05083,0.38837,0.07208,0.99658,-0.04035,-0.38499,0.06512,0.92062,0.59107,0.09207,2.46782
1695899632.48624,0.99533,-0.08670,0.04244,0.08179,0.99096,0.10634,-0.05127,-0.10237,0.99342,0.61695,0.10444,2.44526
1695899632.59520,0.94458,-0.03159,0.32677,0.05611,0.99625,-0.06586,-0.32347,0.08054,0.94281,0.63609,0.11439,2.45383
1695899632.73184,0.99696,-0.05912,0.05082,0.05247,0.99095,0.12359,-0.05767,-0.12055,0.99103,0.64881,0.10763,2.42927
1695899632.84695,0.88932,-0.00874,0.45721,0.03525,0.99815,-0.04950,-0.45593,0.06014,0.88798,0.64248,0.07359,2.41586
1695899633.14755,0.99773,-0.06365,0.02218,0.06124,0.99348,0.09621,-0.02816,-0.09463,0.99511,0.59024,0.02636,2.39013
1695899633.25106,0.91969,-0.03742,0.39085,0.04661,0.99881,-0.01405,-0.38986,0.03114,0.92035,0.59111,0.02607,2.39890
1695899633.36801,0.98785,-0.03876,0.15048,0.04358,0.99863,-0.02881,-0.14916,0.03502,0.98819,0.58175,0.03524,2.39827
1695899633.47707,0.98819,-0.04267,0.14716,0.04822,0.99825,-0.03435,-0.14543,0.04104,0.98852,0.57016,0.05338,2.39648
1695899633.60509,0.96589,-0.04189,0.25553,0.04962,0.99848,-0.02386,-0.25415,0.03573,0.96651,0.55606,0.04905,2.39282
1695899633.72986,0.90756,-0.01491,0.41966,0.06869,0.99118,-0.11333,-0.41427,0.13168,0.90058,0.54366,0.00411,2.34897
1695899633.84329,0.99621,-0.06701,0.05551,0.06306,0.99554,0.07018,-0.05997,-0.06641,0.99599,0.55234,-0.03223,2.35606
1695899633.97218,0.96969,-0.04615,0.23996,0.06172,0.99642,-0.05780,-0.23643,0.07086,0.96906,0.55267,-0.07656,2.37199
1695899634.10164,0.99697,-0.05513,0.05483,0.05677,0.99797,-0.02883,-0.05312,0.03186,0.99808,0.54020,-0.06588,2.33320
1695899634.23902,0.93902,-0.05096,0.34006,0.05644,0.99839,-0.00626,-0.33919,0.02508,0.94038,0.52459,-0.00804,2.34443
1695899634.35989,0.94015,-0.05203,0.33675,0.05575,0.99844,-0.00137,-0.33616,0.02006,0.94159,0.50484,-0.00053,2.32882
1695899634.49449,0.94815,-0.05646,0.31276,0.05615,0.99837,0.00998,-0.31281,0.00810,0.94978,0.49130,0.00427,2.32906
1695899634.69596,0.99843,-0.05414,0.01416,0.05400,0.99849,0.00968,-0.01466,-0.00890,0.99985,0.44568,0.00779,2.30276
1695899634.79919,0.92703,-0.03761,0.37309,0.05442,0.99792,-0.03460,-0.37101,0.05238,0.92715,0.42266,0.00385,2.29301
1695899634.92219,0.95090,-0.03205,0.30784,0.05619,0.99597,-0.06987,-0.30436,0.08373,0.94887,0.39758,0.00490,2.28906
1695899635.05330,0.99809,-0.05720,-0.02322,0.05830,0.99706,0.04966,0.02031,-0.05092,0.99850,0.38276,0.00481,2.27787
1695899635.46447,0.99643,-0.05661,-0.06263,0.05647,0.99840,-0.00401,0.06276,0.00046,0.99803,0.30500,0.00196,2.25342
1695899635.57072,0.99539,-0.05779,-0.07655,0.05659,0.99824,-0.01775,0.07744,0.01333,0.99691,0.28495,0.00208,2.24511
1695899635.70266,0.98988,-0.05651,-0.13014,0.05866,0.99820,0.01270,0.12919,-0.02021,0.99141,0.26051,-0.00033,2.21996
1695899635.83407,0.92692,-0.04203,0.37290,0.06508,0.99665,-0.04944,-0.36958,0.07009,0.92655,0.24352,-0.00083,2.20951
1695899635.94201,0.95330,-0.05298,0.29733,0.06071,0.99801,-0.01684,-0.29585,0.03410,0.95463,0.22376,-0.00073,2.21750
1695899636.07803,0.93134,-0.04546,0.36130,0.06125,0.99760,-0.03235,-0.35896,0.05226,0.93189,0.20591,-0.00215,2.19244
1695899636.19977,0.98690,-0.06171,-0.14908,0.06112,0.99809,-0.00850,0.14932,-0.00072,0.98879,0.18632,-0.00499,2.18427
1695899636.33116,0.93899,-0.05189,0.34002,0.06459,0.99757,-0.02613,-0.33784,0.04650,0.94006,0.16997,-0.00629,2.17516
1695899636.45696,0.98466,-0.05727,-0.16482,0.06613,0.99662,0.04874,0.16147,-0.05890,0.98512,0.14654,-0.00776,2.17211
1695899636.57155,0.97323,-0.05872,0.22220,0.06517,0.99764,-0.02181,-0.22040,0.03571,0.97476,0.12734,-0.00868,2.17697
1695899636.70563,0.95326,-0.05155,0.29772,0.07082,0.99601,-0.05432,-0.29374,0.07287,0.95311,0.10492,-0.01172,2.13802
1695899637.01938,0.97096,-0.05717,-0.23230,0.06045,0.99815,0.00700,0.23147,-0.02084,0.97262,0.03612,-0.01878,2.10784
1695899637.12576,0.96585,-0.06167,-0.25164,0.06282,0.99802,-0.00348,0.25136,-0.01245,0.96781,0.01944,-0.01902,2.09332
1695899637.25297,0.96278,-0.06003,-0.26353,0.06506,0.99783,0.01039,0.26234,-0.02714,0.96459,-0.00226,-0.02042,2.07755
1695899637.37543,0.96284,-0.06204,-0.26285,0.06159,0.99805,-0.00999,0.26296,-0.00657,0.96479,-0.02696,-0.02146,2.06597
1695899637.50737,0.95495,-0.05848,-0.29096,0.06622,0.99766,0.01683,0.28929,-0.03534,0.95659,-0.04190,-0.02178,2.04614
1695899637.63991,0.96846,-0.05836,0.24223,0.07317,0.99593,-0.05259,-0.23818,0.06865,0.96879,-0.05523,-0.02412,2.03277
1695899637.77811,0.95995,-0.05984,-0.27371,0.06694,0.99762,0.01666,0.27206,-0.03432,0.96167,-0.07892,-0.02440,2.03449
1695899637.90856,0.95272,-0.06099,-0.29765,0.06098,0.99810,-0.00935,0.29766,-0.00924,0.95463,-0.09439,-0.02360,2.02472
1695899638.03694,0.94128,-0.05466,-0.33316,0.06410,0.99779,0.01741,0.33147,-0.03774,0.94271,-0.12017,-0.02670,1.99447
1695899638.14241,0.94059,-0.06059,-0.33411,0.06228,0.99804,-0.00566,0.33380,-0.01548,0.94252,-0.13415,-0.02680,1.98121
1695899638.75694,0.99210,-0.05720,0.11165,0.05321,0.99784,0.03840,-0.11360,-0.03216,0.99301,0.75242,-0.01130,1.71350
1695899638.86228,0.99394,-0.05722,0.09385,0.05321,0.99758,0.04471,-0.09618,-0.03945,0.99458,0.74904,-0.01091,1.70257
1695899638.99614,0.99246,-0.05740,0.10827,0.05290,0.99763,0.04403,-0.11054,-0.03797,0.99315,0.75410,-0.00945,1.68996
1695899639.10876,0.99029,-0.05162,0.12908,0.04839,0.99843,0.02806,-0.13032,-0.02155,0.99124,0.76041,-0.01217,1.68675
1695899639.24435,0.99005,-0.05666,0.12881,0.05219,0.99792,0.03780,-0.13069,-0.03070,0.99095,0.75827,-0.00866,1.67887
1695899639.37675,0.99258,-0.05409,0.10893,0.05142,0.99831,0.02712,-0.11022,-0.02132,0.99368,0.75130,-0.00710,1.66923
1695899639.50914,0.99163,-0.05702,0.11582,0.05306,0.99790,0.03703,-0.11769,-0.03057,0.99258,0.73982,-0.00487,1.66256
1695899639.63717,0.99276,-0.05846,0.10488,0.05304,0.99715,0.05375,-0.10773,-0.04780,0.99303,0.72726,-0.00492,1.65267
1695899639.76980,0.99205,-0.05579,0.11279,0.05220,0.99804,0.03456,-0.11450,-0.02840,0.99302,0.71705,-0.00588,1.64783
1695899639.88614,0.99261,-0.05433,0.10855,0.05052,0.99802,0.03755,-0.11037,-0.03179,0.99338,0.70792,-0.00674,1.63972
1695899640.02399,0.99309,-0.05817,0.10193,0.05340,0.99738,0.04889,-0.10450,-0.04311,0.99359,0.69298,-0.00613,1.62887
1695899640.15368,0.99420,-0.05914,0.08988,0.05497,0.99732,0.04826,-0.09249,-0.04304,0.99478,0.68124,-0.00638,1.62298
1695899640.29525,0.99470,-0.05475,0.08707,0.05254,0.99824,0.02748,-0.08842,-0.02276,0.99582,0.67020,-0.00835,1.61520
1695899640.43002,0.99521,-0.05650,0.07982,0.05357,0.99783,0.03831,-0.08181,-0.03385,0.99607,0.65582,-0.01058,1.60749
1695899640.56142,0.99628,-0.05552,0.06583,0.05295,0.99779,0.04018,-0.06792,-0.03654,0.99702,0.63667,-0.01264,1.59663
1695899640.68974,0.99640,-0.05710,0.06259,0.05397,0.99726,0.05052,-0.06531,-0.04696,0.99676,0.62293,-0.01383,1.58595
1695899641.20508,0.94550,-0.05838,-0.32035,0.06573,0.99776,0.01216,0.31892,-0.03256,0.94722,0.03705,-0.02205,1.65922
1695899641.30915,0.94232,-0.05257,-0.33056,0.06623,0.99735,0.03019,0.32810,-0.05035,0.94330,-0.00900,-0.02621,1.64650
1695899641.44394,0.93538,-0.05700,-0.34902,0.06631,0.99769,0.01478,0.34737,-0.03697,0.93700,-0.03428,-0.02720,1.63368
1695899641.58274,0.93558,-0.05780,-0.34835,0.06581,0.99777,0.01121,0.34693,-0.03342,0.93730,-0.06202,-0.02984,1.62075
1695899641.69640,0.93029,-0.05670,-0.36242,0.06621,0.99771,0.01386,0.36081,-0.03689,0.93191,-0.08189,-0.03250,1.60809
1695899641.82965,0.91326,-0.05350,-0.40385,0.06564,0.99771,0.01626,0.40205,-0.04136,0.91468,-0.10467,-0.03615,1.59469
1695899641.96749,0.90778,-0.05183,-0.41624,0.06440,0.99779,0.01620,0.41448,-0.04151,0.90911,-0.13022,-0.03554,1.58176
1695899642.08862,0.90691,-0.05134,-0.41818,0.06855,0.99730,0.02624,0.41571,-0.05246,0.90798,-0.15824,-0.03676,1.56257
1695899642.24137,0.90586,-0.04996,-0.42061,0.06617,0.99752,0.02403,0.41837,-0.04960,0.90692,-0.18791,-0.03785,1.54635
1695899642.37962,0.90326,-0.05243,-0.42588,0.06524,0.99775,0.01553,0.42411,-0.04182,0.90464,-0.21596,-0.03965,1.52970
1695899642.49059,0.89966,-0.04904,-0.43382,0.06824,0.99725,0.02877,0.43122,-0.05549,0.90054,-0.24229,-0.04053,1.50865
1695899642.60665,0.88312,-0.04855,-0.46662,0.06772,0.99741,0.02438,0.46423,-0.05313,0.88412,-0.27432,-0.04296,1.48144
1695899642.71378,0.88635,-0.04830,-0.46048,0.06512,0.99766,0.02071,0.45841,-0.04834,0.88743,-0.29868,-0.04047,1.46581
1695899642.84896,0.86845,-0.04293,-0.49392,0.07023,0.99685,0.03684,0.49078,-0.06668,0.86873,-0.32924,-0.04114,1.43733
1695899642.96758,0.86271,-0.04524,-0.50366,0.07074,0.99699,0.03161,0.50072,-0.06290,0.86332,-0.35988,-0.04307,1.41422
1695899643.09469,0.86012,-0.05047,-0.50759,0.06713,0.99764,0.01457,0.50565,-0.04660,0.86148,-0.37564,-0.04401,1.40134
1695899643.21616,0.84794,-0.04687,-0.52801,0.06699,0.99757,0.01903,0.52584,-0.05151,0.84902,-0.39432,-0.04598,1.38113
1695899643.33677,0.84283,-0.04323,-0.53645,0.06668,0.99748,0.02438,0.53404,-0.05632,0.84358,-0.40864,-0.04823,1.36213
1695899643.44433,0.83777,-0.03764,-0.54473,0.06862,0.99697,0.03664,0.54170,-0.06807,0.83781,-0.41988,-0.05004,1.34748
1695899643.57736,0.83138,-0.04788,-0.55363,0.07025,0.99734,0.01925,0.55124,-0.05490,0.83254,-0.43439,-0.05262,1.33242
1695899643.70011,0.81608,-0.04318,-0.57632,0.07005,0.99724,0.02449,0.57367,-0.06036,0.81686,-0.45271,-0.05279,1.30725
1695899643.82329,0.80483,-0.04583,-0.59173,0.06823,0.99755,0.01554,0.58956,-0.05288,0.80599,-0.46751,-0.05338,1.28812
1695899643.95456,0.79588,-0.04823,-0.60354,0.07262,0.99723,0.01607,0.60109,-0.05662,0.79717,-0.48259,-0.05569,1.27048
1695899644.08335,0.79721,-0.04740,-0.60184,0.07637,0.99682,0.02266,0.59885,-0.06403,0.79829,-0.49588,-0.05386,1.25873
1695899644.69847,0.97256,-0.06252,-0.22411,0.07224,0.99676,0.03545,0.22116,-0.05067,0.97392,0.05403,-0.03134,1.27408
1695899644.80740,0.97113,-0.06105,-0.23061,0.07077,0.99691,0.03407,0.22781,-0.04940,0.97245,0.04791,-0.03228,1.26492
1695899644.94435,0.96904,-0.06255,-0.23887,0.07435,0.99640,0.04071,0.23546,-0.05721,0.97020,0.04570,-0.03255,1.25180
1695899645.07878,0.96737,-0.06587,-0.24466,0.07510,0.99676,0.02862,0.24198,-0.04606,0.96919,0.03634,-0.03532,1.24016
1695899645.19561,0.96709,-0.06727,-0.24538,0.07416,0.99707,0.01894,0.24338,-0.03652,0.96924,0.02987,-0.03674,1.23305
1695899645.32747,0.96046,-0.06698,-0.27025,0.07710,0.99666,0.02699,0.26754,-0.04676,0.96241,0.01959,-0.04088,1.21976
1695899645.45699,0.95701,-0.06550,-0.28256,0.07586,0.99678,0.02585,0.27995,-0.04617,0.95890,0.00332,-0.03924,1.20680
1695899645.59872,0.95638,-0.06677,-0.28440,0.07702,0.99672,0.02500,0.28180,-0.04581,0.95838,-0.00741,-0.04082,1.19850
1695899645.71643,0.95502,-0.06605,-0.28909,0.07656,0.99675,0.02519,0.28649,-0.04619,0.95697,-0.02223,-0.04198,1.18363
1695899645.84616,0.94914,-0.06391,-0.30831,0.07604,0.99673,0.02747,0.30555,-0.04952,0.95089,-0.03768,-0.04313,1.16598
1695899645.98500,0.94423,-0.06485,-0.32283,0.07532,0.99696,0.02004,0.32055,-0.04324,0.94624,-0.05071,-0.04375,1.15300
1695899646.08981,0.94046,-0.06275,-0.33405,0.07564,0.99680,0.02571,0.33137,-0.04944,0.94221,-0.06241,-0.04377,1.13710
1695899646.21546,0.93890,-0.06191,-0.33858,0.07714,0.99652,0.03169,0.33544,-0.05587,0.94040,-0.07900,-0.04373,1.12051
1695899646.34491,0.93456,-0.05873,-0.35094,0.07593,0.99648,0.03545,0.34762,-0.05977,0.93573,-0.09121,-0.04573,1.10393
1695899646.46853,0.92843,-0.05900,-0.36679,0.07619,0.99656,0.03256,0.36360,-0.05817,0.92974,-0.10630,-0.04762,1.08909
1695899646.58139,0.92372,-0.05633,-0.37891,0.07851,0.99597,0.04334,0.37494,-0.06979,0.92442,-0.11952,-0.05066,1.07190
1695899646.72210,0.91989,-0.05648,-0.38808,0.08203,0.99540,0.04957,0.38349,-0.07743,0.92029,-0.13286,-0.05268,1.05589
1695899646.84683,0.91699,-0.06339,-0.39384,0.08206,0.99615,0.03074,0.39038,-0.06050,0.91866,-0.14550,-0.05140,1.04416
1695899646.97908,0.91524,-0.06447,-0.39772,0.08360,0.99602,0.03092,0.39415,-0.06155,0.91698,-0.16109,-0.05290,1.02480
1695899647.09884,0.91224,-0.06403,-0.40461,0.08608,0.99562,0.03652,0.40050,-0.06814,0.91376,-0.17259,-0.05156,1.00888
1695899647.23875,0.90458,-0.06321,-0.42160,0.08798,0.99534,0.03955,0.41713,-0.07286,0.90592,-0.18338,-0.05316,0.99141
1695899647.36291,0.90080,-0.06122,-0.42989,0.08697,0.99539,0.04049,0.42543,-0.07386,0.90197,-0.19616,-0.05581,0.97480
1695899647.49661,0.89780,-0.06484,-0.43560,0.08619,0.99584,0.02941,0.43189,-0.06395,0.89966,-0.21007,-0.06072,0.95924
1695899647.61877,0.88809,-0.06267,-0.45537,0.08928,0.99531,0.03714,0.45091,-0.07364,0.88953,-0.22173,-0.06148,0.94032
1695899647.73739,0.88176,-0.05465,-0.46852,0.08541,0.99534,0.04465,0.46390,-0.07938,0.88233,-0.23767,-0.06244,0.91864
1695899647.87699,0.87035,-0.06086,-0.48866,0.08459,0.99606,0.02662,0.48511,-0.06450,0.87207,-0.24917,-0.06211,0.90226
1695899647.97138,0.87360,-0.05742,-0.48324,0.08561,0.99566,0.03647,0.47905,-0.07323,0.87473,-0.25992,-0.06438,0.88848
1695899648.10313,0.86242,-0.05649,-0.50304,0.08487,0.99582,0.03367,0.49903,-0.07173,0.86361,-0.27043,-0.06211,0.87063
1695899648.82919,0.99734,-0.07220,0.00988,0.07180,0.99675,0.03652,-0.01248,-0.03572,0.99928,0.18473,-0.05586,0.79122
1695899648.93421,0.99745,-0.07131,-0.00005,0.07126,0.99666,0.03986,-0.00279,-0.03976,0.99921,0.17873,-0.05666,0.78208
1695899649.06030,0.99745,-0.07137,0.00060,0.07129,0.99673,0.03796,-0.00331,-0.03782,0.99928,0.17806,-0.05761,0.77233
1695899649.18568,0.99746,-0.07099,-0.00543,0.07114,0.99681,0.03625,0.00284,-0.03655,0.99933,0.17453,-0.05807,0.75982
1695899649.31255,0.99738,-0.07197,-0.00781,0.07221,0.99672,0.03666,0.00515,-0.03712,0.99930,0.17239,-0.05913,0.75098
1695899649.42574,0.99723,-0.07227,-0.01760,0.07281,0.99681,0.03257,0.01519,-0.03376,0.99931,0.16951,-0.05968,0.74129
1695899649.55999,0.99695,-0.07482,-0.02196,0.07536,0.99685,0.02460,0.02005,-0.02618,0.99946,0.16483,-0.05985,0.72985
1695899649.68804,0.99684,-0.07336,-0.03034,0.07429,0.99677,0.03066,0.02799,-0.03282,0.99907,0.16080,-0.05823,0.72086
1695899649.81099,0.99636,-0.07271,-0.04441,0.07415,0.99674,0.03168,0.04197,-0.03486,0.99851,0.15349,-0.05986,0.70906
1695899649.94462,0.99587,-0.07280,-0.05432,0.07424,0.99693,0.02503,0.05233,-0.02896,0.99821,0.14654,-0.05807,0.69814
1695899650.07028,0.99561,-0.07069,-0.06133,0.07263,0.99691,0.02999,0.05902,-0.03431,0.99767,0.14085,-0.05697,0.68746
1695899650.18840,0.99501,-0.07178,-0.06934,0.07357,0.99701,0.02357,0.06744,-0.02855,0.99731,0.13456,-0.05714,0.67647
1695899650.32818,0.99362,-0.07240,-0.08646,0.07524,0.99671,0.03004,0.08400,-0.03636,0.99580,0.12650,-0.05671,0.66446
1695899650.45354,0.99279,-0.07353,-0.09468,0.07596,0.99686,0.02222,0.09275,-0.02925,0.99526,0.11939,-0.05789,0.65386
1695899650.56901,0.99075,-0.07350,-0.11410,0.07642,0.99685,0.02144,0.11216,-0.02996,0.99324,0.11084,-0.05841,0.63829
1695899650.67355,0.98863,-0.07389,-0.13093,0.07724,0.99680,0.02076,0.12898,-0.03064,0.99117,0.10314,-0.05788,0.62641
1695899650.79812,0.98817,-0.07299,-0.13489,0.07621,0.99691,0.01883,0.13310,-0.02889,0.99068,0.09649,-0.05929,0.61598
1695899650.92433,0.98546,-0.07421,-0.15282,0.07807,0.99676,0.01939,0.15089,-0.03103,0.98806,0.08965,-0.06141,0.60613
1695899651.04698,0.98244,-0.07352,-0.17145,0.07787,0.99679,0.01874,0.16953,-0.03176,0.98501,0.08014,-0.06258,0.59080
1695899651.18808,0.98002,-0.07462,-0.18436,0.07820,0.99686,0.01220,0.18288,-0.02637,0.98278,0.07325,-0.06288,0.57896
1695899651.30068,0.97622,-0.07586,-0.20309,0.08000,0.99672,0.01226,0.20149,-0.02822,0.97908,0.06484,-0.06339,0.56716
1695899651.44532,0.97401,-0.07308,-0.21437,0.07850,0.99677,0.01689,0.21245,-0.03328,0.97661,0.05977,-0.06364,0.55787
1695899651.55199,0.97062,-0.07273,-0.22938,0.07827,0.99682,0.01512,0.22755,-0.03263,0.97322,0.05249,-0.06533,0.54512
1695899651.64365,0.96611,-0.07264,-0.24770,0.07686,0.99701,0.00739,0.24643,-0.02618,0.96881,0.04418,-0.06655,0.53241
1695899651.78294,0.96156,-0.07142,-0.26514,0.07668,0.99701,0.00953,0.26367,-0.02950,0.96416,0.03541,-0.06713,0.51682
1695899651.89272,0.95768,-0.07013,-0.27916,0.07714,0.99692,0.01419,0.27731,-0.03512,0.96014,0.02937,-0.06723,0.50716
1695899652.00914,0.95184,-0.06846,-0.29887,0.07664,0.99693,0.01573,0.29688,-0.03788,0.95416,0.02096,-0.06749,0.49040
1695899652.12747,0.94523,-0.06982,-0.31886,0.07788,0.99688,0.01258,0.31699,-0.03672,0.94772,0.01401,-0.06797,0.47693
1695899652.23849,0.94145,-0.07108,-0.32957,0.07981,0.99673,0.01300,0.32756,-0.03854,0.94404,0.00759,-0.06899,0.46422
1695899652.35154,0.94341,-0.05817,-0.32648,0.07466,0.99648,0.03820,0.32311,-0.06041,0.94443,0.02176,-0.06813,0.45207
1695899652.47639,0.96425,-0.04871,-0.26047,0.06984,0.99492,0.07246,0.25562,-0.08806,0.96276,0.06044,-0.06721,0.43079
1695899652.59537,0.98293,-0.05446,-0.17572,0.06622,0.99589,0.06177,0.17163,-0.07236,0.98250,0.10020,-0.06774,0.40989
1695899652.71814,0.99454,-0.05898,-0.08613,0.06641,0.99407,0.08616,0.08054,-0.09141,0.99255,0.13721,-0.06743,0.38434
1695899753.53694,0.69429,-0.03653,-0.71876,0.07384,0.99706,0.02066,0.71589,-0.06742,0.69495,-1.31159,-0.02880,2.67349
1695899753.64300,0.98920,-0.09153,-0.11451,0.08862,0.99561,-0.03021,0.11677,0.01973,0.99296,-1.30279,-0.02413,2.67435
1695899753.78812,0.70708,-0.05440,-0.70504,0.07390,0.99726,-0.00284,0.70326,-0.05009,0.70916,-1.28554,-0.03108,2.68169
1695899753.94009,0.71686,-0.05449,-0.69509,0.07116,0.99745,-0.00481,0.69358,-0.04601,0.71891,-1.26120,-0.03512,2.66852
1695899754.14503,0.71719,-0.02168,-0.69654,0.08033,0.99542,0.05173,0.69223,-0.09305,0.71565,-1.22683,-0.02945,2.64773
1695899754.24365,0.99139,-0.08450,-0.10002,0.08151,0.99611,-0.03364,0.10247,0.02520,0.99442,-1.22516,-0.01031,2.64560
1695899754.37574,0.72367,-0.04746,-0.68852,0.07272,0.99732,0.00768,0.68631,-0.05563,0.72518,-1.21072,-0.01539,2.65192
1695899754.50911,0.99216,-0.08680,-0.08986,0.08456,0.99601,-0.02846,0.09197,0.02064,0.99555,-1.20949,-0.00705,2.62784
1695899754.81019,0.75839,-0.04856,-0.64998,0.07331,0.99725,0.01104,0.64766,-0.05603,0.75987,-1.16721,0.01026,2.64505
1695899755.22137,0.74017,-0.04701,-0.67077,0.06857,0.99763,0.00574,0.66891,-0.05025,0.74164,-1.11679,-0.01379,2.60189
1695899755.32806,0.76775,-0.06130,-0.63781,0.06579,0.99769,-0.01669,0.63736,-0.02915,0.77001,-1.11051,-0.01362,2.61831
1695899755.45749,0.87096,-0.08271,-0.48435,0.07155,0.99657,-0.04151,0.48612,0.00149,0.87389,-1.12212,-0.01220,2.65216
1695899755.58657,0.99173,-0.08403,-0.09705,0.08080,0.99605,-0.03669,0.09975,0.02855,0.99460,-1.09194,-0.01379,2.59079
1695899755.71215,0.99249,-0.08274,-0.09007,0.07940,0.99604,-0.04011,0.09303,0.03265,0.99513,-1.08395,-0.02088,2.59590
1695899755.84696,0.76878,-0.05594,-0.63706,0.07081,0.99749,-0.00214,0.63558,-0.04346,0.77081,-1.07100,-0.02555,2.59394
1695899755.97152,0.77278,-0.05678,-0.63213,0.07585,0.99711,0.00316,0.63013,-0.05039,0.77486,-1.06108,-0.01270,2.58785
1695899756.10720,0.99395,-0.07749,-0.07777,0.07641,0.99693,-0.01683,0.07884,0.01078,0.99683,-1.04749,-0.01355,2.58102
1695899756.23484,0.84337,-0.06258,-0.53368,0.06960,0.99755,-0.00700,0.53281,-0.03124,0.84566,-1.04807,-0.02620,2.61273
1695899756.43966,0.90040,-0.09234,-0.42515,0.06925,0.99518,-0.06949,0.42952,0.03313,0.90245,-1.01551,-0.00928,2.60887
1695899756.64033,0.94380,-0.08915,-0.31826,0.06652,0.99447,-0.08130,0.32374,0.05556,0.94451,-0.98758,-0.01640,2.60887
